Source,Location ID,City,State,Country,Latitude,Longitude,Time Zone,Elevation,Local Time Zone,Dew Point Units,DHI Units,DNI Units,GHI Units,Temperature Units,Pressure Units,Wind Direction Units,Wind Speed,Surface Albedo Units,Version
NSRDB,1293527,-,-,-,42.17,-72.46,-5,76,-5,c,w/m2,w/m2,w/m2,c,mbar,Degrees,m/s,N/A,v3.0.1
Year,Month,Day,Hour,Minute,DNI,DHI,GHI,Dew Point,Temperature,Pressure,Wind Direction,Wind Speed,Surface Albedo
2001,1,1,0,30,0,0,0,-8,-6,990.0,281.5,0.30000000000000004,0.866
2001,1,1,1,30,0,0,0,-8,-6,990.0,283.3,0.30000000000000004,0.866
2001,1,1,2,30,0,0,0,-8,-6,990.0,287.1,0.30000000000000004,0.866
2001,1,1,3,30,0,0,0,-8,-6,1000.0,291.40000000000003,0.30000000000000004,0.866
2001,1,1,4,30,0,0,0,-9,-7,1000.0,294.1,0.30000000000000004,0.866
2001,1,1,5,30,0,0,0,-9,-7,1000.0,296.8,0.30000000000000004,0.866
2001,1,1,6,30,0,0,0,-9,-7,1000.0,299.90000000000003,0.30000000000000004,0.866
2001,1,1,7,30,0,0,0,-10,-7,1000.0,302.1,0.30000000000000004,0.866
2001,1,1,8,30,623,45,150,-9,-6,1000.0,303.1,0.30000000000000004,0.866
2001,1,1,9,30,783,64,292,-9,-5,1000.0,306.3,0.30000000000000004,0.866
2001,1,1,10,30,858,74,397,-8,-4,1000.0,308.90000000000003,0.30000000000000004,0.866
2001,1,1,11,30,886,79,448,-7,-3,1000.0,311.70000000000005,0.30000000000000004,0.866
2001,1,1,12,30,882,78,442,-6,-3,1000.0,313.1,0.30000000000000004,0.866
2001,1,1,13,30,845,72,378,-6,-3,1000.0,312.3,0.30000000000000004,0.866
2001,1,1,14,30,757,60,264,-6,-3,1000.0,314.0,0.2,0.866
2001,1,1,15,30,564,39,117,-6,-4,1000.0,316.3,0.2,0.866
2001,1,1,16,30,0,0,0,-8,-6,1000.0,317.8,0.2,0.866
2001,1,1,17,30,0,0,0,-9,-7,1000.0,319.20000000000005,0.2,0.866
2001,1,1,18,30,0,0,0,-10,-8,1000.0,319.70000000000005,0.30000000000000004,0.866
2001,1,1,19,30,0,0,0,-10,-8,1000.0,320.6,0.30000000000000004,0.866
2001,1,1,20,30,0,0,0,-11,-9,1000.0,322.40000000000003,0.4,0.866
2001,1,1,21,30,0,0,0,-11,-9,1000.0,324.6,0.4,0.866
2001,1,1,22,30,0,0,0,-12,-10,1000.0,327.90000000000003,0.4,0.866
2001,1,1,23,30,0,0,0,-13,-10,1000.0,329.5,0.4,0.866
2001,1,2,0,30,0,0,0,-14,-11,1000.0,329.3,0.4,0.866
2001,1,2,1,30,0,0,0,-14,-12,1000.0,328.6,0.5,0.866
2001,1,2,2,30,0,0,0,-15,-12,1000.0,327.70000000000005,0.5,0.866
2001,1,2,3,30,0,0,0,-15,-13,1000.0,324.1,0.6000000000000001,0.866
2001,1,2,4,30,0,0,0,-16,-13,1000.0,320.0,0.6000000000000001,0.866
2001,1,2,5,30,0,0,0,-16,-13,1000.0,316.70000000000005,0.6000000000000001,0.866
2001,1,2,6,30,0,0,0,-16,-14,1000.0,314.40000000000003,0.6000000000000001,0.866
2001,1,2,7,30,0,0,0,-17,-13,1000.0,312.70000000000005,0.4,0.866
2001,1,2,8,30,630,44,151,-15,-10,1000.0,313.90000000000003,0.2,0.866
2001,1,2,9,30,797,62,295,-12,-7,1000.0,322.8,0.2,0.866
2001,1,2,10,30,873,72,401,-10,-5,1000.0,325.90000000000003,0.30000000000000004,0.866
2001,1,2,11,30,905,76,455,-9,-4,1000.0,321.70000000000005,0.30000000000000004,0.866
2001,1,2,12,30,907,74,450,-8,-4,1000.0,315.90000000000003,0.30000000000000004,0.866
2001,1,2,13,30,876,68,387,-8,-4,1000.0,312.0,0.30000000000000004,0.866
2001,1,2,14,30,797,57,273,-8,-5,1000.0,310.6,0.30000000000000004,0.866
2001,1,2,15,30,614,38,124,-9,-7,1000.0,310.8,0.30000000000000004,0.866
2001,1,2,16,30,0,0,0,-11,-8,1000.0,312.70000000000005,0.30000000000000004,0.866
2001,1,2,17,30,0,0,0,-12,-9,1000.0,316.20000000000005,0.30000000000000004,0.866
2001,1,2,18,30,0,0,0,-12,-9,1010.0,318.70000000000005,0.2,0.866
2001,1,2,19,30,0,0,0,-12,-10,1010.0,318.0,0.2,0.866
2001,1,2,20,30,0,0,0,-13,-11,1000.0,313.8,0.30000000000000004,0.866
2001,1,2,21,30,0,0,0,-14,-12,1000.0,309.5,0.4,0.866
2001,1,2,22,30,0,0,0,-15,-12,1000.0,304.6,0.4,0.866
2001,1,2,23,30,0,0,0,-15,-12,1000.0,301.90000000000003,0.4,0.866
2001,1,3,0,30,0,0,0,-15,-12,1000.0,300.3,0.4,0.866
2001,1,3,1,30,0,0,0,-14,-12,1000.0,296.5,0.4,0.866
2001,1,3,2,30,0,0,0,-14,-12,1000.0,292.6,0.4,0.866
2001,1,3,3,30,0,0,0,-14,-12,1000.0,286.6,0.4,0.866
2001,1,3,4,30,0,0,0,-14,-12,1000.0,280.8,0.4,0.866
2001,1,3,5,30,0,0,0,-14,-12,1000.0,278.7,0.4,0.866
2001,1,3,6,30,0,0,0,-14,-12,1000.0,276.3,0.4,0.866
2001,1,3,7,30,0,0,0,-14,-10,1000.0,274.6,0.4,0.866
2001,1,3,8,30,542,52,144,-12,-7,1000.0,274.8,0.2,0.866
2001,1,3,9,30,710,78,285,-8,-4,1000.0,279.5,0.2,0.866
2001,1,3,10,30,520,112,308,-6,-2,1000.0,298.2,0.2,0.866
2001,1,3,11,30,440,145,330,-5,-1,1000.0,308.70000000000005,0.2,0.866
2001,1,3,12,30,342,161,303,-4,0,1000.0,305.0,0.2,0.866
2001,1,3,13,30,754,99,374,-4,0,1000.0,290.2,0.1,0.866
2001,1,3,14,30,654,82,261,-4,-1,1000.0,272.40000000000003,0.1,0.866
2001,1,3,15,30,452,51,116,-4,-3,1000.0,258.1,0.1,0.866
2001,1,3,16,30,0,0,0,-6,-4,1000.0,253.20000000000002,0.1,0.866
2001,1,3,17,30,0,0,0,-6,-4,1000.0,250.4,0.1,0.866
2001,1,3,18,30,0,0,0,-7,-5,1000.0,248.20000000000002,0.2,0.866
2001,1,3,19,30,0,0,0,-8,-7,1000.0,245.0,0.30000000000000004,0.866
2001,1,3,20,30,0,0,0,-9,-8,1000.0,240.4,0.30000000000000004,0.866
2001,1,3,21,30,0,0,0,-10,-9,1000.0,235.4,0.4,0.866
2001,1,3,22,30,0,0,0,-11,-10,1000.0,228.3,0.5,0.866
2001,1,3,23,30,0,0,0,-11,-11,1000.0,224.8,0.5,0.866
2001,1,4,0,30,0,0,0,-11,-11,1000.0,229.70000000000002,0.6000000000000001,0.866
2001,1,4,1,30,0,0,0,-12,-11,1000.0,237.4,0.6000000000000001,0.866
2001,1,4,2,30,0,0,0,-12,-11,1000.0,242.0,0.7000000000000001,0.866
2001,1,4,3,30,0,0,0,-13,-11,1000.0,243.5,0.6000000000000001,0.866
2001,1,4,4,30,0,0,0,-13,-11,1000.0,244.0,0.6000000000000001,0.866
2001,1,4,5,30,0,0,0,-13,-11,1000.0,244.3,0.6000000000000001,0.866
2001,1,4,6,30,0,0,0,-13,-11,1000.0,248.10000000000002,0.5,0.866
2001,1,4,7,30,0,0,0,-13,-9,1000.0,257.1,0.30000000000000004,0.866
2001,1,4,8,30,346,53,112,-11,-6,1000.0,265.6,0.2,0.866
2001,1,4,9,30,628,95,279,-8,-4,1000.0,264.1,0.2,0.866
2001,1,4,10,30,739,107,387,-6,-2,990.0,261.0,0.2,0.866
2001,1,4,11,30,169,183,255,-5,-1,990.0,262.6,0.2,0.866
2001,1,4,12,30,574,117,357,-5,-1,990.0,263.2,0.30000000000000004,0.866
2001,1,4,13,30,332,139,261,-4,-1,990.0,264.8,0.30000000000000004,0.866
2001,1,4,14,30,197,108,162,-4,-1,990.0,265.40000000000003,0.2,0.866
2001,1,4,15,30,392,58,116,-4,-2,990.0,263.0,0.2,0.866
2001,1,4,16,30,0,0,0,-5,-3,990.0,261.90000000000003,0.2,0.866
2001,1,4,17,30,0,0,0,-5,-4,990.0,261.5,0.2,0.866
2001,1,4,18,30,0,0,0,-6,-4,990.0,264.5,0.2,0.866
2001,1,4,19,30,0,0,0,-6,-4,990.0,265.90000000000003,0.2,0.866
2001,1,4,20,30,0,0,0,-6,-5,990.0,268.7,0.2,0.866
2001,1,4,21,30,0,0,0,-7,-6,990.0,272.0,0.2,0.866
2001,1,4,22,30,0,0,0,-8,-7,990.0,273.2,0.2,0.866
2001,1,4,23,30,0,0,0,-9,-8,990.0,278.5,0.30000000000000004,0.866
2001,1,5,0,30,0,0,0,-10,-8,990.0,285.1,0.4,0.866
2001,1,5,1,30,0,0,0,-9,-8,990.0,290.7,0.5,0.866
2001,1,5,2,30,0,0,0,-9,-8,990.0,292.7,0.6000000000000001,0.866
2001,1,5,3,30,0,0,0,-9,-8,990.0,283.3,0.8,0.866
2001,1,5,4,30,0,0,0,-10,-8,990.0,258.2,0.9,0.866
2001,1,5,5,30,0,0,0,-10,-9,990.0,225.8,0.9,0.866
2001,1,5,6,30,0,0,0,-11,-10,990.0,206.20000000000002,0.8,0.866
2001,1,5,7,30,0,0,0,-11,-9,990.0,201.8,0.6000000000000001,0.866
2001,1,5,8,30,306,55,107,-10,-6,990.0,197.60000000000002,0.30000000000000004,0.866
2001,1,5,9,30,613,67,247,-7,-3,990.0,182.70000000000002,0.2,0.866
2001,1,5,10,30,191,160,233,-5,-1,990.0,180.0,0.2,0.866
2001,1,5,11,30,329,167,306,-4,-1,990.0,182.9,0.30000000000000004,0.866
2001,1,5,12,30,157,183,249,-4,0,990.0,182.5,0.30000000000000004,0.866
2001,1,5,13,30,267,148,247,-4,0,990.0,180.20000000000002,0.2,0.866
2001,1,5,14,30,6,100,101,-3,-1,990.0,170.0,0.2,0.866
2001,1,5,15,30,111,62,79,-3,-1,990.0,155.9,0.2,0.866
2001,1,5,16,30,0,0,0,-3,-2,990.0,146.6,0.2,0.866
2001,1,5,17,30,0,0,0,-3,-2,990.0,130.70000000000002,0.2,0.866
2001,1,5,18,30,0,0,0,-3,-2,980.0,121.80000000000001,0.2,0.866
2001,1,5,19,30,0,0,0,-3,-2,980.0,121.80000000000001,0.1,0.866
2001,1,5,20,30,0,0,0,-3,-2,980.0,123.10000000000001,0.1,0.866
2001,1,5,21,30,0,0,0,-3,-2,980.0,125.60000000000001,0.1,0.866
2001,1,5,22,30,0,0,0,-3,-3,980.0,147.20000000000002,0.2,0.866
2001,1,5,23,30,0,0,0,-3,-3,980.0,160.5,0.2,0.866
2001,1,6,0,30,0,0,0,-3,-3,980.0,323.5,0.30000000000000004,0.866
2001,1,6,1,30,0,0,0,-4,-4,980.0,322.1,0.5,0.866
2001,1,6,2,30,0,0,0,-5,-5,980.0,330.0,0.4,0.866
2001,1,6,3,30,0,0,0,-6,-5,980.0,338.3,0.2,0.866
2001,1,6,4,30,0,0,0,-7,-6,980.0,340.40000000000003,0.2,0.866
2001,1,6,5,30,0,0,0,-7,-6,980.0,332.0,0.2,0.866
2001,1,6,6,30,0,0,0,-7,-6,980.0,326.0,0.2,0.866
2001,1,6,7,30,68,10,12,-7,-5,980.0,324.20000000000005,0.2,0.866
2001,1,6,8,30,480,59,141,-6,-3,980.0,323.40000000000003,0.30000000000000004,0.866
2001,1,6,9,30,673,84,283,-4,-1,980.0,319.1,0.30000000000000004,0.866
2001,1,6,10,30,775,95,391,-2,0,980.0,317.5,0.30000000000000004,0.866
2001,1,6,11,30,807,103,446,-1,0,980.0,316.6,0.4,0.866
2001,1,6,12,30,802,104,442,0,1,980.0,316.8,0.4,0.866
2001,1,6,13,30,782,91,382,0,0,980.0,318.1,0.4,0.866
2001,1,6,14,30,692,76,270,0,0,980.0,318.1,0.30000000000000004,0.866
2001,1,6,15,30,495,50,125,-1,0,980.0,314.1,0.30000000000000004,0.866
2001,1,6,16,30,0,0,0,-1,0,990.0,310.6,0.30000000000000004,0.866
2001,1,6,17,30,0,0,0,-2,-1,990.0,307.1,0.30000000000000004,0.866
2001,1,6,18,30,0,0,0,-3,-2,990.0,302.2,0.30000000000000004,0.866
2001,1,6,19,30,0,0,0,-4,-3,990.0,294.8,0.2,0.866
2001,1,6,20,30,0,0,0,-5,-4,990.0,289.5,0.2,0.866
2001,1,6,21,30,0,0,0,-6,-4,990.0,289.8,0.2,0.866
2001,1,6,22,30,0,0,0,-6,-5,990.0,289.1,0.2,0.866
2001,1,6,23,30,0,0,0,-6,-5,990.0,288.7,0.2,0.866
2001,1,7,0,30,0,0,0,-7,-5,990.0,291.0,0.2,0.866
2001,1,7,1,30,0,0,0,-8,-6,990.0,289.7,0.2,0.866
2001,1,7,2,30,0,0,0,-9,-7,990.0,286.0,0.4,0.866
2001,1,7,3,30,0,0,0,-10,-8,990.0,282.5,0.5,0.866
2001,1,7,4,30,0,0,0,-11,-9,990.0,281.6,0.5,0.866
2001,1,7,5,30,0,0,0,-11,-9,990.0,279.6,0.5,0.866
2001,1,7,6,30,0,0,0,-11,-9,990.0,277.2,0.6000000000000001,0.866
2001,1,7,7,30,0,13,13,-11,-8,990.0,278.5,0.5,0.866
2001,1,7,8,30,475,60,142,-9,-5,990.0,282.1,0.30000000000000004,0.866
2001,1,7,9,30,647,91,283,-5,-1,990.0,285.3,0.1,0.866
2001,1,7,10,30,739,107,390,-4,0,990.0,283.0,0.1,0.866
2001,1,7,11,30,763,118,443,-2,0,990.0,267.8,0.1,0.866
2001,1,7,12,30,110,185,231,-2,1,990.0,253.4,0.1,0.866
2001,1,7,13,30,92,158,193,-1,1,990.0,239.3,0.2,0.866
2001,1,7,14,30,3,101,102,-1,0,990.0,217.9,0.2,0.866
2001,1,7,15,30,455,54,124,-1,0,990.0,197.60000000000002,0.6000000000000001,0.866
2001,1,7,16,30,0,0,0,-4,-2,990.0,200.4,0.9,0.866
2001,1,7,17,30,0,0,0,-5,-3,990.0,211.3,1.0,0.866
2001,1,7,18,30,0,0,0,-5,-3,990.0,227.3,1.0,0.866
2001,1,7,19,30,0,0,0,-5,-4,990.0,246.60000000000002,0.9,0.866
2001,1,7,20,30,0,0,0,-5,-4,990.0,267.90000000000003,0.9,0.866
2001,1,7,21,30,0,0,0,-5,-4,990.0,288.90000000000003,0.9,0.866
2001,1,7,22,30,0,0,0,-5,-4,990.0,305.5,0.9,0.866
2001,1,7,23,30,0,0,0,-5,-4,990.0,317.8,0.8,0.866
2001,1,8,0,30,0,0,0,-5,-3,990.0,332.90000000000003,0.7000000000000001,0.866
2001,1,8,1,30,0,0,0,-4,-3,990.0,358.3,0.6000000000000001,0.866
2001,1,8,2,30,0,0,0,-4,-3,990.0,25.200000000000003,0.6000000000000001,0.866
2001,1,8,3,30,0,0,0,-4,-3,990.0,51.0,0.6000000000000001,0.866
2001,1,8,4,30,0,0,0,-5,-4,990.0,73.60000000000001,0.7000000000000001,0.866
2001,1,8,5,30,0,0,0,-5,-4,990.0,87.80000000000001,0.8,0.866
2001,1,8,6,30,0,0,0,-5,-5,990.0,101.4,0.7000000000000001,0.866
2001,1,8,7,30,44,10,11,-5,-4,990.0,109.2,0.4,0.866
2001,1,8,8,30,381,70,135,-4,-2,990.0,110.4,0.1,0.866
2001,1,8,9,30,458,90,226,-2,0,990.0,109.5,0.1,0.866
2001,1,8,10,30,648,129,378,-1,0,990.0,101.80000000000001,0.1,0.866
2001,1,8,11,30,148,188,251,0,0,990.0,93.2,0.1,0.866
2001,1,8,12,30,290,174,298,0,0,990.0,84.30000000000001,0.1,0.866
2001,1,8,13,30,220,157,240,0,0,990.0,67.10000000000001,0.1,0.866
2001,1,8,14,30,266,107,183,0,0,990.0,54.0,0.1,0.866
2001,1,8,15,30,3,55,56,0,0,990.0,49.1,0.1,0.866
2001,1,8,16,30,0,0,0,-1,0,990.0,43.6,0.1,0.866
2001,1,8,17,30,0,0,0,-1,0,990.0,39.1,0.1,0.866
2001,1,8,18,30,0,0,0,-1,-1,990.0,34.5,0.2,0.866
2001,1,8,19,30,0,0,0,-1,-1,990.0,29.900000000000002,0.2,0.866
2001,1,8,20,30,0,0,0,-1,-1,990.0,23.900000000000002,0.2,0.866
2001,1,8,21,30,0,0,0,-2,-1,990.0,11.600000000000001,0.2,0.866
2001,1,8,22,30,0,0,0,-2,-1,990.0,358.40000000000003,0.2,0.866
2001,1,8,23,30,0,0,0,-2,-1,990.0,349.20000000000005,0.2,0.866
2001,1,9,0,30,0,0,0,-2,-1,990.0,338.20000000000005,0.2,0.866
2001,1,9,1,30,0,0,0,-2,-1,990.0,331.3,0.2,0.866
2001,1,9,2,30,0,0,0,-2,-1,990.0,329.8,0.2,0.866
2001,1,9,3,30,0,0,0,-3,-2,990.0,331.20000000000005,0.2,0.866
2001,1,9,4,30,0,0,0,-3,-2,990.0,329.1,0.2,0.866
2001,1,9,5,30,0,0,0,-4,-3,990.0,322.70000000000005,0.2,0.866
2001,1,9,6,30,0,0,0,-4,-3,990.0,318.6,0.2,0.866
2001,1,9,7,30,0,4,4,-5,-3,990.0,316.8,0.30000000000000004,0.866
2001,1,9,8,30,35,63,69,-5,-3,990.0,316.8,0.30000000000000004,0.866
2001,1,9,9,30,54,133,149,-5,-3,990.0,321.3,0.30000000000000004,0.866
2001,1,9,10,30,199,163,240,-5,-2,990.0,321.0,0.30000000000000004,0.866
2001,1,9,11,30,138,189,249,-5,-2,990.0,318.5,0.4,0.866
2001,1,9,12,30,18,161,169,-5,-2,990.0,313.0,0.4,0.866
2001,1,9,13,30,683,125,385,-5,-2,990.0,306.8,0.4,0.866
2001,1,9,14,30,603,100,274,-5,-3,990.0,302.0,0.4,0.866
2001,1,9,15,30,434,61,131,-6,-4,990.0,298.90000000000003,0.4,0.866
2001,1,9,16,30,0,0,0,-7,-5,990.0,298.8,0.4,0.866
2001,1,9,17,30,0,0,0,-8,-5,990.0,299.7,0.4,0.866
2001,1,9,18,30,0,0,0,-9,-6,990.0,298.3,0.30000000000000004,0.866
2001,1,9,19,30,0,0,0,-10,-7,990.0,292.5,0.30000000000000004,0.866
2001,1,9,20,30,0,0,0,-10,-7,990.0,282.0,0.30000000000000004,0.866
2001,1,9,21,30,0,0,0,-10,-7,990.0,265.7,0.30000000000000004,0.866
2001,1,9,22,30,0,0,0,-10,-7,980.0,253.70000000000002,0.30000000000000004,0.866
2001,1,9,23,30,0,0,0,-10,-7,980.0,249.9,0.30000000000000004,0.866
2001,1,10,0,30,0,0,0,-10,-7,980.0,257.3,0.30000000000000004,0.866
2001,1,10,1,30,0,0,0,-9,-7,980.0,278.2,0.4,0.866
2001,1,10,2,30,0,0,0,-9,-7,990.0,306.40000000000003,0.5,0.866
2001,1,10,3,30,0,0,0,-11,-9,990.0,320.20000000000005,0.6000000000000001,0.866
2001,1,10,4,30,0,0,0,-13,-10,990.0,324.70000000000005,0.5,0.866
2001,1,10,5,30,0,0,0,-14,-11,990.0,326.90000000000003,0.5,0.866
2001,1,10,6,30,0,0,0,-15,-11,990.0,327.20000000000005,0.4,0.866
2001,1,10,7,30,197,12,16,-15,-11,990.0,324.3,0.4,0.866
2001,1,10,8,30,654,47,161,-15,-10,1000.0,321.0,0.4,0.866
2001,1,10,9,30,822,65,311,-14,-9,1000.0,319.90000000000003,0.4,0.866
2001,1,10,10,30,892,76,422,-13,-8,1000.0,317.90000000000003,0.4,0.866
2001,1,10,11,30,923,79,478,-12,-7,1000.0,315.40000000000003,0.4,0.866
2001,1,10,12,30,919,78,474,-11,-6,1000.0,312.3,0.4,0.866
2001,1,10,13,30,230,158,246,-10,-6,1000.0,310.1,0.4,0.866
2001,1,10,14,30,797,62,294,-10,-6,1000.0,307.8,0.30000000000000004,0.866
2001,1,10,15,30,615,43,144,-10,-7,1000.0,303.2,0.30000000000000004,0.866
2001,1,10,16,30,0,0,0,-12,-10,1000.0,295.8,0.4,0.866
2001,1,10,17,30,0,0,0,-14,-11,1000.0,288.1,0.7000000000000001,0.866
2001,1,10,18,30,0,0,0,-15,-12,1000.0,282.7,0.8,0.866
2001,1,10,19,30,0,0,0,-15,-12,1000.0,276.6,0.8,0.866
2001,1,10,20,30,0,0,0,-15,-13,1000.0,268.90000000000003,0.8,0.866
2001,1,10,21,30,0,0,0,-15,-13,1000.0,258.90000000000003,0.8,0.866
2001,1,10,22,30,0,0,0,-15,-12,1000.0,247.0,0.8,0.866
2001,1,10,23,30,0,0,0,-15,-12,1000.0,232.8,0.7000000000000001,0.866
2001,1,11,0,30,0,0,0,-14,-11,1000.0,222.5,0.6000000000000001,0.866
2001,1,11,1,30,0,0,0,-13,-11,1000.0,219.20000000000002,0.5,0.866
2001,1,11,2,30,0,0,0,-13,-11,990.0,222.4,0.4,0.866
2001,1,11,3,30,0,0,0,-12,-11,990.0,229.5,0.4,0.866
2001,1,11,4,30,0,0,0,-12,-10,990.0,237.5,0.30000000000000004,0.866
2001,1,11,5,30,0,0,0,-11,-9,990.0,245.4,0.2,0.866
2001,1,11,6,30,0,0,0,-10,-7,990.0,248.60000000000002,0.2,0.866
2001,1,11,7,30,0,5,5,-9,-6,990.0,248.4,0.2,0.866
2001,1,11,8,30,59,65,76,-8,-5,990.0,249.70000000000002,0.30000000000000004,0.866
2001,1,11,9,30,58,120,138,-6,-3,990.0,250.5,0.30000000000000004,0.866
2001,1,11,10,30,11,143,147,-4,-1,990.0,257.8,0.30000000000000004,0.866
2001,1,11,11,30,27,170,182,-1,0,990.0,282.3,0.4,0.866
2001,1,11,12,30,0,139,139,0,1,990.0,286.40000000000003,0.4,0.866
2001,1,11,13,30,24,148,158,0,1,990.0,286.40000000000003,0.4,0.866
2001,1,11,14,30,720,80,292,0,1,990.0,288.5,0.5,0.866
2001,1,11,15,30,531,55,143,0,0,990.0,289.7,0.5,0.866
2001,1,11,16,30,0,0,0,0,0,990.0,292.5,0.5,0.866
2001,1,11,17,30,0,0,0,-1,0,1000.0,296.2,0.5,0.866
2001,1,11,18,30,0,0,0,-1,0,1000.0,299.90000000000003,0.4,0.866
2001,1,11,19,30,0,0,0,-2,0,1000.0,303.0,0.4,0.866
2001,1,11,20,30,0,0,0,-2,-1,1000.0,304.8,0.4,0.866
2001,1,11,21,30,0,0,0,-3,-1,1000.0,305.2,0.30000000000000004,0.866
2001,1,11,22,30,0,0,0,-4,-3,1000.0,303.8,0.30000000000000004,0.866
2001,1,11,23,30,0,0,0,-5,-4,1000.0,301.2,0.2,0.866
2001,1,12,0,30,0,0,0,-6,-5,1000.0,299.6,0.2,0.866
2001,1,12,1,30,0,0,0,-7,-6,1000.0,299.40000000000003,0.30000000000000004,0.866
2001,1,12,2,30,0,0,0,-8,-7,1000.0,300.0,0.30000000000000004,0.866
2001,1,12,3,30,0,0,0,-9,-7,1000.0,300.40000000000003,0.4,0.866
2001,1,12,4,30,0,0,0,-10,-8,1000.0,302.90000000000003,0.5,0.866
2001,1,12,5,30,0,0,0,-10,-9,1000.0,308.40000000000003,0.5,0.866
2001,1,12,6,30,0,0,0,-11,-9,1000.0,315.6,0.5,0.866
2001,1,12,7,30,247,12,17,-11,-8,1000.0,323.0,0.4,0.866
2001,1,12,8,30,676,44,163,-10,-5,1000.0,327.90000000000003,0.30000000000000004,0.866
2001,1,12,9,30,830,61,313,-8,-2,1000.0,338.1,0.30000000000000004,0.866
2001,1,12,10,30,898,72,425,-7,-1,1000.0,345.5,0.30000000000000004,0.866
2001,1,12,11,30,928,77,483,-6,0,1000.0,347.0,0.30000000000000004,0.866
2001,1,12,12,30,928,76,481,-5,0,1000.0,346.90000000000003,0.30000000000000004,0.866
2001,1,12,13,30,898,71,420,-5,0,1000.0,346.40000000000003,0.2,0.866
2001,1,12,14,30,825,60,306,-5,0,1000.0,346.8,0.2,0.866
2001,1,12,15,30,665,42,155,-5,-3,1000.0,352.0,0.30000000000000004,0.866
2001,1,12,16,30,0,0,0,-8,-6,1010.0,358.0,0.6000000000000001,0.866
2001,1,12,17,30,0,0,0,-10,-7,1010.0,3.3000000000000003,0.7000000000000001,0.866
2001,1,12,18,30,0,0,0,-10,-8,1010.0,11.0,0.6000000000000001,0.866
2001,1,12,19,30,0,0,0,-11,-8,1010.0,16.1,0.6000000000000001,0.866
2001,1,12,20,30,0,0,0,-11,-9,1010.0,19.0,0.6000000000000001,0.866
2001,1,12,21,30,0,0,0,-12,-9,1010.0,20.3,0.6000000000000001,0.866
2001,1,12,22,30,0,0,0,-12,-10,1010.0,21.6,0.7000000000000001,0.866
2001,1,12,23,30,0,0,0,-13,-10,1010.0,22.5,0.7000000000000001,0.866
2001,1,13,0,30,0,0,0,-13,-10,1010.0,23.8,0.6000000000000001,0.866
2001,1,13,1,30,0,0,0,-13,-10,1010.0,25.200000000000003,0.6000000000000001,0.866
2001,1,13,2,30,0,0,0,-13,-10,1010.0,21.200000000000003,0.6000000000000001,0.866
2001,1,13,3,30,0,0,0,-13,-10,1010.0,10.9,0.7000000000000001,0.866
2001,1,13,4,30,0,0,0,-13,-10,1010.0,359.70000000000005,0.7000000000000001,0.866
2001,1,13,5,30,0,0,0,-14,-10,1010.0,353.8,0.6000000000000001,0.866
2001,1,13,6,30,0,0,0,-13,-9,1010.0,355.3,0.4,0.866
2001,1,13,7,30,0,10,10,-13,-7,1010.0,357.20000000000005,0.30000000000000004,0.866
2001,1,13,8,30,58,66,77,-12,-5,1010.0,348.90000000000003,0.1,0.866
2001,1,13,9,30,785,66,306,-9,-2,1010.0,245.0,0.1,0.866
2001,1,13,10,30,873,73,417,-6,0,1010.0,228.8,0.2,0.866
2001,1,13,11,30,900,78,474,-4,0,1010.0,233.0,0.2,0.866
2001,1,13,12,30,894,79,472,-3,0,1010.0,232.10000000000002,0.2,0.866
2001,1,13,13,30,852,77,411,-3,1,1010.0,231.3,0.2,0.866
2001,1,13,14,30,459,91,229,-2,0,1010.0,231.70000000000002,0.1,0.866
2001,1,13,15,30,580,48,148,-2,-1,1010.0,226.4,0.2,0.866
2001,1,13,16,30,0,0,0,-5,-4,1010.0,226.20000000000002,0.4,0.866
2001,1,13,17,30,0,0,0,-6,-5,1010.0,230.3,0.4,0.866
2001,1,13,18,30,0,0,0,-6,-5,1010.0,229.0,0.30000000000000004,0.866
2001,1,13,19,30,0,0,0,-6,-6,1010.0,228.10000000000002,0.2,0.866
2001,1,13,20,30,0,0,0,-7,-6,1010.0,231.20000000000002,0.2,0.866
2001,1,13,21,30,0,0,0,-7,-6,1010.0,236.0,0.2,0.866
2001,1,13,22,30,0,0,0,-7,-6,1010.0,240.9,0.2,0.866
2001,1,13,23,30,0,0,0,-7,-7,1010.0,249.60000000000002,0.2,0.866
2001,1,14,0,30,0,0,0,-7,-7,1010.0,252.10000000000002,0.30000000000000004,0.866
2001,1,14,1,30,0,0,0,-8,-7,1010.0,253.60000000000002,0.30000000000000004,0.866
2001,1,14,2,30,0,0,0,-8,-6,1010.0,259.40000000000003,0.30000000000000004,0.866
2001,1,14,3,30,0,0,0,-8,-6,1010.0,269.6,0.30000000000000004,0.866
2001,1,14,4,30,0,0,0,-7,-6,1010.0,278.0,0.30000000000000004,0.866
2001,1,14,5,30,0,0,0,-7,-6,1010.0,284.8,0.30000000000000004,0.866
2001,1,14,6,30,0,0,0,-7,-6,1010.0,290.2,0.30000000000000004,0.866
2001,1,14,7,30,0,8,8,-7,-4,1010.0,295.8,0.2,0.866
2001,1,14,8,30,242,63,106,-5,-2,1010.0,301.0,0.2,0.866
2001,1,14,9,30,314,112,208,-3,0,1010.0,279.7,0.2,0.866
2001,1,14,10,30,499,123,322,-1,0,1010.0,267.40000000000003,0.2,0.866
2001,1,14,11,30,453,153,354,0,1,1010.0,264.40000000000003,0.2,0.866
2001,1,14,12,30,337,175,324,0,2,1000.0,257.90000000000003,0.2,0.866
2001,1,14,13,30,299,156,274,0,1,1000.0,251.8,0.2,0.866
2001,1,14,14,30,47,120,134,0,0,1000.0,246.8,0.1,0.866
2001,1,14,15,30,45,68,76,0,0,1000.0,248.3,0.2,0.866
2001,1,14,16,30,0,6,6,0,0,1000.0,256.8,0.4,0.866
2001,1,14,17,30,0,0,0,-1,0,1000.0,264.90000000000003,0.6000000000000001,0.866
2001,1,14,18,30,0,0,0,-1,0,1010.0,274.3,0.7000000000000001,0.866
2001,1,14,19,30,0,0,0,-1,0,1010.0,278.2,0.7000000000000001,0.866
2001,1,14,20,30,0,0,0,-1,0,1010.0,293.1,0.7000000000000001,0.866
2001,1,14,21,30,0,0,0,-1,0,1010.0,336.90000000000003,0.6000000000000001,0.866
2001,1,14,22,30,0,0,0,-2,-1,1010.0,24.900000000000002,0.5,0.866
2001,1,14,23,30,0,0,0,-2,-1,1010.0,60.1,0.30000000000000004,0.866
2001,1,15,0,30,0,0,0,-2,-1,1010.0,81.80000000000001,0.2,0.866
2001,1,15,1,30,0,0,0,-2,-1,1010.0,78.9,0.2,0.866
2001,1,15,2,30,0,0,0,-2,-2,1010.0,76.2,0.2,0.866
2001,1,15,3,30,0,0,0,-2,-2,1000.0,74.60000000000001,0.2,0.866
2001,1,15,4,30,0,0,0,-2,-1,1000.0,69.2,0.2,0.866
2001,1,15,5,30,0,0,0,-2,-1,1000.0,64.7,0.2,0.866
2001,1,15,6,30,0,0,0,-2,-1,1000.0,60.7,0.2,0.866
2001,1,15,7,30,0,8,8,-2,0,1000.0,66.8,0.2,0.866
2001,1,15,8,30,0,63,63,-1,0,1000.0,64.60000000000001,0.30000000000000004,0.866
2001,1,15,9,30,0,101,101,0,0,1000.0,63.1,0.30000000000000004,0.866
2001,1,15,10,30,0,42,42,0,1,1000.0,74.10000000000001,0.30000000000000004,0.866
2001,1,15,11,30,0,135,135,0,1,1000.0,75.60000000000001,0.30000000000000004,0.866
2001,1,15,12,30,0,135,135,0,1,1000.0,68.9,0.30000000000000004,0.866
2001,1,15,13,30,0,112,112,0,1,1000.0,67.60000000000001,0.30000000000000004,0.866
2001,1,15,14,30,0,27,27,0,0,1000.0,69.5,0.30000000000000004,0.866
2001,1,15,15,30,0,19,19,0,0,1000.0,64.8,0.2,0.866
2001,1,15,16,30,0,12,12,0,0,1000.0,60.5,0.2,0.866
2001,1,15,17,30,0,0,0,0,0,1000.0,57.400000000000006,0.2,0.866
2001,1,15,18,30,0,0,0,-1,0,1000.0,56.6,0.2,0.866
2001,1,15,19,30,0,0,0,-2,-1,1000.0,55.400000000000006,0.2,0.866
2001,1,15,20,30,0,0,0,-2,-2,1000.0,54.6,0.30000000000000004,0.866
2001,1,15,21,30,0,0,0,-3,-2,1000.0,49.800000000000004,0.2,0.866
2001,1,15,22,30,0,0,0,-3,-2,1000.0,45.800000000000004,0.2,0.866
2001,1,15,23,30,0,0,0,-3,-2,1000.0,251.10000000000002,0.2,0.866
2001,1,16,0,30,0,0,0,-4,-3,990.0,238.4,0.30000000000000004,0.866
2001,1,16,1,30,0,0,0,-4,-3,990.0,200.4,0.30000000000000004,0.866
2001,1,16,2,30,0,0,0,-4,-3,990.0,194.0,0.30000000000000004,0.866
2001,1,16,3,30,0,0,0,-4,-3,990.0,208.10000000000002,0.30000000000000004,0.866
2001,1,16,4,30,0,0,0,-4,-3,990.0,228.3,0.30000000000000004,0.866
2001,1,16,5,30,0,0,0,-4,-3,990.0,239.70000000000002,0.30000000000000004,0.866
2001,1,16,6,30,0,0,0,-4,-3,990.0,245.3,0.30000000000000004,0.866
2001,1,16,7,30,0,2,2,-4,-2,990.0,249.4,0.30000000000000004,0.866
2001,1,16,8,30,0,21,21,-2,0,990.0,252.10000000000002,0.30000000000000004,0.866
2001,1,16,9,30,0,68,68,0,0,990.0,263.6,0.30000000000000004,0.866
2001,1,16,10,30,34,159,173,0,1,990.0,269.5,0.30000000000000004,0.866
2001,1,16,11,30,400,167,346,0,2,990.0,276.40000000000003,0.4,0.866
2001,1,16,12,30,47,185,207,0,2,990.0,279.40000000000003,0.4,0.866
2001,1,16,13,30,17,150,157,0,2,990.0,279.6,0.4,0.866
2001,1,16,14,30,0,91,91,0,2,990.0,278.2,0.4,0.866
2001,1,16,15,30,0,62,62,0,1,990.0,277.5,0.4,0.866
2001,1,16,16,30,0,6,6,0,0,1000.0,279.1,0.4,0.866
2001,1,16,17,30,0,0,0,0,0,1000.0,278.8,0.4,0.866
2001,1,16,18,30,0,0,0,0,0,1000.0,279.40000000000003,0.4,0.866
2001,1,16,19,30,0,0,0,0,0,1000.0,282.2,0.30000000000000004,0.131
2001,1,16,20,30,0,0,0,0,0,1000.0,282.3,0.30000000000000004,0.131
2001,1,16,21,30,0,0,0,0,0,1000.0,280.5,0.30000000000000004,0.131
2001,1,16,22,30,0,0,0,-1,0,1000.0,281.5,0.30000000000000004,0.131
2001,1,16,23,30,0,0,0,-1,0,1000.0,281.90000000000003,0.30000000000000004,0.131
2001,1,17,0,30,0,0,0,-1,0,1000.0,283.1,0.30000000000000004,0.131
2001,1,17,1,30,0,0,0,-2,-1,1000.0,285.6,0.30000000000000004,0.131
2001,1,17,2,30,0,0,0,-2,-2,1000.0,287.40000000000003,0.2,0.131
2001,1,17,3,30,0,0,0,-3,-2,1000.0,285.3,0.2,0.131
2001,1,17,4,30,0,0,0,-3,-3,1000.0,285.3,0.2,0.131
2001,1,17,5,30,0,0,0,-4,-3,1000.0,284.40000000000003,0.2,0.131
2001,1,17,6,30,0,0,0,-4,-3,1000.0,283.2,0.2,0.131
2001,1,17,7,30,46,12,14,-5,-2,1000.0,280.1,0.2,0.131
2001,1,17,8,30,0,51,51,-3,0,1000.0,273.5,0.30000000000000004,0.131
2001,1,17,9,30,122,129,167,-2,0,1000.0,283.0,0.4,0.131
2001,1,17,10,30,37,161,176,-2,1,1000.0,288.7,0.4,0.131
2001,1,17,11,30,160,199,272,-2,2,1000.0,283.90000000000003,0.4,0.131
2001,1,17,12,30,122,199,254,-1,1,1000.0,286.0,0.4,0.131
2001,1,17,13,30,66,169,196,-1,1,1000.0,284.5,0.30000000000000004,0.131
2001,1,17,14,30,75,137,160,-1,1,1000.0,285.90000000000003,0.30000000000000004,0.131
2001,1,17,15,30,365,57,126,-1,0,1000.0,289.1,0.2,0.131
2001,1,17,16,30,52,13,15,-2,0,1000.0,294.0,0.2,0.131
2001,1,17,17,30,0,0,0,-3,-1,1000.0,301.5,0.30000000000000004,0.131
2001,1,17,18,30,0,0,0,-3,-1,1000.0,306.6,0.30000000000000004,0.131
2001,1,17,19,30,0,0,0,-4,-2,1000.0,307.20000000000005,0.30000000000000004,0.131
2001,1,17,20,30,0,0,0,-5,-3,1000.0,307.0,0.30000000000000004,0.131
2001,1,17,21,30,0,0,0,-6,-4,1000.0,305.2,0.4,0.131
2001,1,17,22,30,0,0,0,-7,-5,1000.0,304.8,0.4,0.131
2001,1,17,23,30,0,0,0,-7,-6,1000.0,307.6,0.4,0.131
2001,1,18,0,30,0,0,0,-8,-7,1000.0,315.1,0.4,0.131
2001,1,18,1,30,0,0,0,-9,-7,1010.0,323.1,0.4,0.131
2001,1,18,2,30,0,0,0,-9,-8,1010.0,328.5,0.4,0.131
2001,1,18,3,30,0,0,0,-9,-8,1010.0,334.0,0.6000000000000001,0.131
2001,1,18,4,30,0,0,0,-10,-8,1010.0,341.6,0.7000000000000001,0.131
2001,1,18,5,30,0,0,0,-10,-8,1010.0,355.1,0.7000000000000001,0.131
2001,1,18,6,30,0,0,0,-10,-8,1010.0,15.100000000000001,0.6000000000000001,0.131
2001,1,18,7,30,208,14,20,-10,-7,1010.0,44.300000000000004,0.4,0.131
2001,1,18,8,30,576,51,159,-9,-4,1010.0,98.7,0.2,0.131
2001,1,18,9,30,0,104,104,-8,-1,1010.0,163.4,0.2,0.131
2001,1,18,10,30,20,157,165,-6,0,1010.0,195.20000000000002,0.2,0.131
2001,1,18,11,30,21,177,187,-5,0,1010.0,200.70000000000002,0.2,0.131
2001,1,18,12,30,9,162,166,-5,0,1000.0,201.3,0.30000000000000004,0.131
2001,1,18,13,30,35,162,176,-4,0,1000.0,201.60000000000002,0.30000000000000004,0.131
2001,1,18,14,30,0,110,110,-3,0,1000.0,198.70000000000002,0.2,0.131
2001,1,18,15,30,0,45,45,-3,-1,1000.0,185.10000000000002,0.2,0.131
2001,1,18,16,30,0,5,5,-4,-2,1000.0,169.4,0.2,0.131
2001,1,18,17,30,0,0,0,-4,-3,1000.0,164.60000000000002,0.2,0.131
2001,1,18,18,30,0,0,0,-4,-3,1000.0,164.20000000000002,0.2,0.131
2001,1,18,19,30,0,0,0,-4,-3,1000.0,161.3,0.2,0.131
2001,1,18,20,30,0,0,0,-4,-3,1000.0,162.4,0.2,0.131
2001,1,18,21,30,0,0,0,-4,-3,1000.0,158.5,0.2,0.131
2001,1,18,22,30,0,0,0,-4,-3,1000.0,154.8,0.2,0.131
2001,1,18,23,30,0,0,0,-4,-3,1000.0,156.8,0.2,0.131
2001,1,19,0,30,0,0,0,-3,-2,1000.0,153.70000000000002,0.2,0.131
2001,1,19,1,30,0,0,0,-3,-2,1000.0,140.3,0.2,0.131
2001,1,19,2,30,0,0,0,-3,-2,1000.0,127.5,0.1,0.131
2001,1,19,3,30,0,0,0,-3,-2,1000.0,119.10000000000001,0.1,0.131
2001,1,19,4,30,0,0,0,-2,-2,1000.0,115.80000000000001,0.1,0.131
2001,1,19,5,30,0,0,0,-2,-2,1000.0,114.10000000000001,0.1,0.131
2001,1,19,6,30,0,0,0,-2,-1,1000.0,114.4,0.1,0.131
2001,1,19,7,30,0,4,4,-2,-1,1000.0,115.2,0.1,0.131
2001,1,19,8,30,0,34,34,-1,0,1000.0,115.2,0.1,0.131
2001,1,19,9,30,0,65,65,-1,0,1000.0,108.30000000000001,0.1,0.131
2001,1,19,10,30,0,114,114,0,0,1000.0,100.5,0.1,0.131
2001,1,19,11,30,0,117,117,0,0,990.0,99.10000000000001,0.1,0.131
2001,1,19,12,30,0,104,104,0,1,990.0,79.0,0.2,0.131
2001,1,19,13,30,0,112,112,0,1,990.0,16.0,0.2,0.131
2001,1,19,14,30,482,113,268,0,0,990.0,8.5,0.2,0.131
2001,1,19,15,30,0,37,37,0,0,990.0,17.7,0.2,0.131
2001,1,19,16,30,0,4,4,0,0,990.0,21.1,0.2,0.131
2001,1,19,17,30,0,0,0,0,0,990.0,9.0,0.2,0.131
2001,1,19,18,30,0,0,0,0,0,990.0,7.300000000000001,0.2,0.131
2001,1,19,19,30,0,0,0,0,0,990.0,354.6,0.1,0.131
2001,1,19,20,30,0,0,0,0,0,990.0,342.90000000000003,0.1,0.131
2001,1,19,21,30,0,0,0,0,0,990.0,344.8,0.2,0.131
2001,1,19,22,30,0,0,0,0,0,990.0,342.70000000000005,0.2,0.131
2001,1,19,23,30,0,0,0,-1,0,990.0,347.6,0.2,0.131
2001,1,20,0,30,0,0,0,-1,0,990.0,353.0,0.2,0.131
2001,1,20,1,30,0,0,0,-1,0,1000.0,351.40000000000003,0.2,0.131
2001,1,20,2,30,0,0,0,-1,0,1000.0,349.5,0.2,0.131
2001,1,20,3,30,0,0,0,-2,-1,1000.0,355.90000000000003,0.2,0.131
2001,1,20,4,30,0,0,0,-3,-1,1000.0,1.0,0.2,0.131
2001,1,20,5,30,0,0,0,-3,-2,1000.0,11.700000000000001,0.30000000000000004,0.131
2001,1,20,6,30,0,0,0,-4,-2,1000.0,3.5,0.30000000000000004,0.131
2001,1,20,7,30,0,6,6,-4,-2,1000.0,9.9,0.30000000000000004,0.131
2001,1,20,8,30,0,39,39,-4,-2,1000.0,15.200000000000001,0.4,0.131
2001,1,20,9,30,0,87,87,-5,-3,1000.0,22.1,0.4,0.131
2001,1,20,10,30,41,166,184,-5,-3,1000.0,29.8,0.4,0.131
2001,1,20,11,30,0,114,114,-5,-3,1000.0,24.8,0.4,0.131
2001,1,20,12,30,11,167,172,-5,-3,1000.0,30.3,0.4,0.131
2001,1,20,13,30,60,173,198,-5,-3,1000.0,33.9,0.4,0.131
2001,1,20,14,30,0,96,96,-5,-3,1000.0,37.1,0.4,0.131
2001,1,20,15,30,5,70,71,-6,-3,1000.0,31.200000000000003,0.4,0.131
2001,1,20,16,30,0,10,10,-6,-4,1000.0,38.1,0.4,0.131
2001,1,20,17,30,0,0,0,-7,-4,1000.0,34.800000000000004,0.4,0.131
2001,1,20,18,30,0,0,0,-7,-5,1000.0,35.4,0.4,0.131
2001,1,20,19,30,0,0,0,-7,-5,1000.0,33.800000000000004,0.4,0.866
2001,1,20,20,30,0,0,0,-7,-5,1000.0,30.3,0.4,0.866
2001,1,20,21,30,0,0,0,-8,-5,990.0,26.900000000000002,0.5,0.866
2001,1,20,22,30,0,0,0,-8,-5,990.0,22.0,0.5,0.866
2001,1,20,23,30,0,0,0,-8,-6,990.0,21.8,0.5,0.866
2001,1,21,0,30,0,0,0,-8,-6,990.0,17.900000000000002,0.5,0.866
2001,1,21,1,30,0,0,0,-9,-6,990.0,11.200000000000001,0.6000000000000001,0.866
2001,1,21,2,30,0,0,0,-9,-7,990.0,2.4000000000000004,0.6000000000000001,0.866
2001,1,21,3,30,0,0,0,-9,-7,990.0,353.20000000000005,0.6000000000000001,0.866
2001,1,21,4,30,0,0,0,-9,-7,990.0,345.1,0.6000000000000001,0.866
2001,1,21,5,30,0,0,0,-9,-7,990.0,345.1,0.7000000000000001,0.866
2001,1,21,6,30,0,0,0,-10,-7,990.0,344.3,0.7000000000000001,0.866
2001,1,21,7,30,0,8,8,-10,-7,990.0,341.20000000000005,0.7000000000000001,0.866
2001,1,21,8,30,0,37,37,-10,-7,990.0,333.3,0.7000000000000001,0.866
2001,1,21,9,30,114,134,171,-10,-7,990.0,324.90000000000003,0.7000000000000001,0.866
2001,1,21,10,30,64,174,201,-10,-6,1000.0,319.3,0.7000000000000001,0.866
2001,1,21,11,30,498,154,385,-9,-5,1000.0,318.70000000000005,0.7000000000000001,0.866
2001,1,21,12,30,881,95,505,-8,-4,1000.0,318.1,0.6000000000000001,0.866
2001,1,21,13,30,867,86,449,-7,-3,1000.0,311.1,0.6000000000000001,0.866
2001,1,21,14,30,802,74,338,-6,-3,1000.0,305.40000000000003,0.5,0.866
2001,1,21,15,30,650,55,186,-6,-4,1000.0,301.7,0.5,0.866
2001,1,21,16,30,259,19,30,-6,-4,1000.0,300.5,0.4,0.866
2001,1,21,17,30,0,0,0,-7,-5,1000.0,300.40000000000003,0.4,0.866
2001,1,21,18,30,0,0,0,-7,-5,1000.0,300.2,0.4,0.866
2001,1,21,19,30,0,0,0,-8,-6,1000.0,297.90000000000003,0.30000000000000004,0.866
2001,1,21,20,30,0,0,0,-9,-7,1010.0,292.90000000000003,0.30000000000000004,0.866
2001,1,21,21,30,0,0,0,-10,-8,1010.0,288.3,0.30000000000000004,0.866
2001,1,21,22,30,0,0,0,-11,-9,1010.0,287.7,0.4,0.866
2001,1,21,23,30,0,0,0,-11,-9,1010.0,287.8,0.4,0.866
2001,1,22,0,30,0,0,0,-12,-10,1010.0,284.3,0.4,0.866
2001,1,22,1,30,0,0,0,-13,-10,1010.0,272.6,0.5,0.866
2001,1,22,2,30,0,0,0,-13,-11,1010.0,266.7,0.6000000000000001,0.866
2001,1,22,3,30,0,0,0,-14,-12,1010.0,270.5,0.7000000000000001,0.866
2001,1,22,4,30,0,0,0,-14,-12,1010.0,275.1,0.7000000000000001,0.866
2001,1,22,5,30,0,0,0,-14,-12,1010.0,278.0,0.8,0.866
2001,1,22,6,30,0,0,0,-14,-12,1010.0,277.7,0.8,0.866
2001,1,22,7,30,183,18,25,-14,-10,1010.0,277.0,0.6000000000000001,0.866
2001,1,22,8,30,583,62,176,-12,-7,1010.0,277.5,0.4,0.866
2001,1,22,9,30,747,87,331,-8,-3,1010.0,287.5,0.30000000000000004,0.866
2001,1,22,10,30,838,98,449,-5,-1,1010.0,305.90000000000003,0.30000000000000004,0.866
2001,1,22,11,30,869,106,512,-4,0,1010.0,311.5,0.30000000000000004,0.866
2001,1,22,12,30,868,107,514,-3,0,1010.0,306.7,0.30000000000000004,0.866
2001,1,22,13,30,834,102,454,-2,0,1010.0,299.8,0.2,0.866
2001,1,22,14,30,757,88,340,-2,0,1010.0,294.7,0.2,0.866
2001,1,22,15,30,600,64,187,-3,-2,1010.0,290.90000000000003,0.30000000000000004,0.866
2001,1,22,16,30,212,22,32,-5,-3,1010.0,284.6,0.6000000000000001,0.866
2001,1,22,17,30,0,0,0,-7,-4,1010.0,283.6,0.7000000000000001,0.866
2001,1,22,18,30,0,0,0,-7,-4,1010.0,279.0,0.8,0.866
2001,1,22,19,30,0,0,0,-8,-5,1010.0,265.90000000000003,0.9,0.866
2001,1,22,20,30,0,0,0,-9,-6,1010.0,248.70000000000002,0.9,0.866
2001,1,22,21,30,0,0,0,-9,-7,1010.0,241.4,0.9,0.866
2001,1,22,22,30,0,0,0,-9,-8,1010.0,245.9,0.9,0.866
2001,1,22,23,30,0,0,0,-9,-8,1010.0,245.60000000000002,1.0,0.866
2001,1,23,0,30,0,0,0,-10,-9,1010.0,231.4,0.9,0.866
2001,1,23,1,30,0,0,0,-10,-9,1010.0,220.5,0.9,0.866
2001,1,23,2,30,0,0,0,-10,-9,1010.0,232.70000000000002,0.8,0.866
2001,1,23,3,30,0,0,0,-9,-8,1010.0,241.8,0.7000000000000001,0.866
2001,1,23,4,30,0,0,0,-9,-8,1010.0,232.5,0.7000000000000001,0.866
2001,1,23,5,30,0,0,0,-9,-8,1010.0,218.70000000000002,0.7000000000000001,0.866
2001,1,23,6,30,0,0,0,-10,-8,1010.0,214.3,0.6000000000000001,0.866
2001,1,23,7,30,161,19,25,-9,-7,1010.0,208.3,0.4,0.866
2001,1,23,8,30,558,66,177,-8,-4,1010.0,198.20000000000002,0.30000000000000004,0.866
2001,1,23,9,30,214,132,203,-5,-2,1010.0,194.60000000000002,0.30000000000000004,0.866
2001,1,23,10,30,818,105,451,-3,0,1010.0,197.5,0.4,0.866
2001,1,23,11,30,401,177,366,-2,0,1010.0,198.5,0.4,0.866
2001,1,23,12,30,848,113,514,-1,0,1000.0,199.3,0.4,0.866
2001,1,23,13,30,817,106,454,-1,0,1000.0,203.3,0.30000000000000004,0.866
2001,1,23,14,30,743,91,341,-1,0,1000.0,213.5,0.2,0.866
2001,1,23,15,30,585,65,188,-2,-1,1000.0,226.70000000000002,0.30000000000000004,0.866
2001,1,23,16,30,206,22,32,-5,-4,1000.0,234.70000000000002,0.7000000000000001,0.866
2001,1,23,17,30,0,0,0,-6,-5,1000.0,249.70000000000002,0.9,0.866
2001,1,23,18,30,0,0,0,-6,-6,1000.0,265.90000000000003,1.0,0.866
2001,1,23,19,30,0,0,0,-7,-6,1000.0,266.2,1.0,0.866
2001,1,23,20,30,0,0,0,-7,-6,1000.0,270.0,1.1,0.866
2001,1,23,21,30,0,0,0,-8,-8,1000.0,283.7,1.0,0.866
2001,1,23,22,30,0,0,0,-8,-9,1000.0,300.90000000000003,0.8,0.866
2001,1,23,23,30,0,0,0,-9,-8,1000.0,313.90000000000003,0.5,0.866
2001,1,24,0,30,0,0,0,-9,-7,1000.0,325.3,0.4,0.866
2001,1,24,1,30,0,0,0,-9,-7,1000.0,331.90000000000003,0.4,0.866
2001,1,24,2,30,0,0,0,-9,-8,1000.0,335.20000000000005,0.4,0.866
2001,1,24,3,30,0,0,0,-9,-7,1000.0,335.6,0.4,0.866
2001,1,24,4,30,0,0,0,-9,-7,1000.0,335.3,0.30000000000000004,0.866
2001,1,24,5,30,0,0,0,-8,-7,1000.0,335.6,0.30000000000000004,0.866
2001,1,24,6,30,0,0,0,-8,-7,1000.0,334.5,0.30000000000000004,0.866
2001,1,24,7,30,0,10,10,-9,-5,1000.0,331.5,0.30000000000000004,0.866
2001,1,24,8,30,61,76,89,-6,-2,1000.0,324.20000000000005,0.30000000000000004,0.866
2001,1,24,9,30,725,94,335,-3,0,1000.0,312.70000000000005,0.30000000000000004,0.866
2001,1,24,10,30,175,185,259,-1,0,1000.0,319.70000000000005,0.30000000000000004,0.866
2001,1,24,11,30,294,199,338,0,1,1000.0,325.6,0.30000000000000004,0.866
2001,1,24,12,30,149,213,285,0,1,990.0,321.20000000000005,0.2,0.866
2001,1,24,13,30,352,166,318,-1,1,990.0,317.20000000000005,0.2,0.866
2001,1,24,14,30,713,100,343,0,1,1000.0,315.40000000000003,0.2,0.866
2001,1,24,15,30,549,72,189,0,0,1000.0,313.6,0.4,0.866
2001,1,24,16,30,180,25,35,-3,-1,1000.0,308.1,0.8,0.866
2001,1,24,17,30,0,0,0,-4,-2,1000.0,303.7,0.8,0.866
2001,1,24,18,30,0,0,0,-5,-3,1000.0,301.40000000000003,0.7000000000000001,0.866
2001,1,24,19,30,0,0,0,-6,-4,1000.0,301.90000000000003,0.7000000000000001,0.866
2001,1,24,20,30,0,0,0,-6,-4,1000.0,303.7,0.7000000000000001,0.866
2001,1,24,21,30,0,0,0,-7,-5,1000.0,305.6,0.7000000000000001,0.866
2001,1,24,22,30,0,0,0,-7,-5,1000.0,308.20000000000005,0.7000000000000001,0.866
2001,1,24,23,30,0,0,0,-7,-6,1000.0,312.40000000000003,0.7000000000000001,0.866
2001,1,25,0,30,0,0,0,-8,-6,1000.0,317.40000000000003,0.7000000000000001,0.866
2001,1,25,1,30,0,0,0,-8,-6,1000.0,322.0,0.8,0.866
2001,1,25,2,30,0,0,0,-8,-7,1000.0,325.3,0.7000000000000001,0.866
2001,1,25,3,30,0,0,0,-9,-7,1000.0,326.6,0.7000000000000001,0.866
2001,1,25,4,30,0,0,0,-9,-7,1000.0,327.70000000000005,0.6000000000000001,0.866
2001,1,25,5,30,0,0,0,-9,-8,1000.0,326.3,0.4,0.866
2001,1,25,6,30,0,0,0,-9,-7,1000.0,325.40000000000003,0.30000000000000004,0.866
2001,1,25,7,30,126,21,27,-8,-5,1000.0,323.6,0.30000000000000004,0.866
2001,1,25,8,30,495,77,178,-6,-2,1000.0,320.70000000000005,0.30000000000000004,0.866
2001,1,25,9,30,674,107,333,-3,0,1000.0,312.8,0.30000000000000004,0.866
2001,1,25,10,30,735,133,448,-2,0,1000.0,316.0,0.4,0.866
2001,1,25,11,30,782,138,512,-2,1,1000.0,316.20000000000005,0.4,0.866
2001,1,25,12,30,788,136,514,-2,1,1000.0,318.0,0.4,0.866
2001,1,25,13,30,460,165,365,-1,1,1000.0,323.0,0.4,0.866
2001,1,25,14,30,703,103,345,-1,0,1000.0,328.0,0.4,0.866
2001,1,25,15,30,574,70,194,-1,0,1000.0,329.40000000000003,0.4,0.866
2001,1,25,16,30,234,25,39,-2,-1,1000.0,330.3,0.4,0.866
2001,1,25,17,30,0,0,0,-3,-2,1000.0,331.90000000000003,0.5,0.866
2001,1,25,18,30,0,0,0,-5,-3,1000.0,333.1,0.5,0.866
2001,1,25,19,30,0,0,0,-6,-4,1000.0,332.5,0.4,0.866
2001,1,25,20,30,0,0,0,-7,-6,1000.0,329.8,0.4,0.866
2001,1,25,21,30,0,0,0,-9,-7,1000.0,328.40000000000003,0.4,0.866
2001,1,25,22,30,0,0,0,-10,-8,1000.0,327.70000000000005,0.5,0.866
2001,1,25,23,30,0,0,0,-11,-9,1000.0,326.90000000000003,0.6000000000000001,0.866
2001,1,26,0,30,0,0,0,-12,-10,1000.0,325.90000000000003,0.6000000000000001,0.866
2001,1,26,1,30,0,0,0,-13,-11,1000.0,325.90000000000003,0.6000000000000001,0.866
2001,1,26,2,30,0,0,0,-14,-11,1000.0,324.90000000000003,0.6000000000000001,0.866
2001,1,26,3,30,0,0,0,-14,-12,1000.0,324.40000000000003,0.6000000000000001,0.866
2001,1,26,4,30,0,0,0,-15,-12,1000.0,325.90000000000003,0.6000000000000001,0.866
2001,1,26,5,30,0,0,0,-15,-12,1000.0,327.1,0.6000000000000001,0.866
2001,1,26,6,30,0,0,0,-15,-11,1010.0,325.70000000000005,0.6000000000000001,0.866
2001,1,26,7,30,314,18,34,-15,-9,1010.0,322.40000000000003,0.4,0.866
2001,1,26,8,30,681,52,194,-12,-6,1010.0,321.0,0.30000000000000004,0.866
2001,1,26,9,30,825,72,352,-9,-3,1010.0,331.20000000000005,0.30000000000000004,0.866
2001,1,26,10,30,894,84,470,-7,-1,1000.0,329.40000000000003,0.30000000000000004,0.866
2001,1,26,11,30,924,89,535,-6,0,1000.0,316.6,0.30000000000000004,0.866
2001,1,26,12,30,928,89,538,-5,0,1000.0,303.2,0.2,0.866
2001,1,26,13,30,899,85,479,-4,0,1000.0,290.3,0.2,0.866
2001,1,26,14,30,835,74,365,-4,0,1000.0,277.2,0.2,0.866
2001,1,26,15,30,691,56,209,-3,-1,1000.0,267.8,0.4,0.866
2001,1,26,16,30,323,24,44,-6,-4,1000.0,262.5,0.6000000000000001,0.866
2001,1,26,17,30,0,0,0,-8,-5,1000.0,260.90000000000003,0.5,0.866
2001,1,26,18,30,0,0,0,-8,-6,1000.0,260.5,0.4,0.866
2001,1,26,19,30,0,0,0,-8,-6,1000.0,256.6,0.4,0.866
2001,1,26,20,30,0,0,0,-8,-6,1000.0,248.60000000000002,0.30000000000000004,0.866
2001,1,26,21,30,0,0,0,-8,-6,1000.0,235.0,0.30000000000000004,0.866
2001,1,26,22,30,0,0,0,-7,-6,1000.0,223.60000000000002,0.30000000000000004,0.866
2001,1,26,23,30,0,0,0,-7,-5,990.0,218.0,0.30000000000000004,0.866
2001,1,27,0,30,0,0,0,-7,-5,990.0,219.4,0.30000000000000004,0.866
2001,1,27,1,30,0,0,0,-7,-6,990.0,219.60000000000002,0.30000000000000004,0.866
2001,1,27,2,30,0,0,0,-7,-6,990.0,215.8,0.30000000000000004,0.866
2001,1,27,3,30,0,0,0,-7,-5,990.0,213.70000000000002,0.30000000000000004,0.866
2001,1,27,4,30,0,0,0,-7,-5,990.0,206.9,0.30000000000000004,0.866
2001,1,27,5,30,0,0,0,-7,-5,990.0,204.5,0.30000000000000004,0.866
2001,1,27,6,30,0,0,0,-7,-5,990.0,206.0,0.30000000000000004,0.866
2001,1,27,7,30,0,27,27,-7,-4,990.0,211.3,0.30000000000000004,0.866
2001,1,27,8,30,0,55,55,-5,-2,990.0,215.4,0.30000000000000004,0.866
2001,1,27,9,30,70,140,164,-4,-1,990.0,226.60000000000002,0.30000000000000004,0.866
2001,1,27,10,30,64,184,212,-3,0,990.0,243.20000000000002,0.30000000000000004,0.866
2001,1,27,11,30,3,162,164,-2,0,990.0,263.1,0.4,0.866
2001,1,27,12,30,10,182,187,-2,0,990.0,279.90000000000003,0.4,0.866
2001,1,27,13,30,617,115,388,-1,0,990.0,290.6,0.4,0.866
2001,1,27,14,30,255,140,230,-1,0,990.0,295.0,0.30000000000000004,0.866
2001,1,27,15,30,69,87,102,-1,0,990.0,293.0,0.30000000000000004,0.866
2001,1,27,16,30,0,19,19,-1,0,990.0,290.90000000000003,0.4,0.866
2001,1,27,17,30,0,0,0,-2,0,990.0,291.40000000000003,0.4,0.866
2001,1,27,18,30,0,0,0,-2,-1,990.0,292.7,0.5,0.866
2001,1,27,19,30,0,0,0,-2,-1,990.0,292.0,0.5,0.866
2001,1,27,20,30,0,0,0,-3,-1,990.0,293.3,0.5,0.866
2001,1,27,21,30,0,0,0,-3,-2,990.0,297.5,0.5,0.866
2001,1,27,22,30,0,0,0,-4,-2,990.0,301.7,0.5,0.866
2001,1,27,23,30,0,0,0,-4,-3,1000.0,301.8,0.5,0.866
2001,1,28,0,30,0,0,0,-5,-3,1000.0,299.40000000000003,0.5,0.866
2001,1,28,1,30,0,0,0,-6,-4,1000.0,297.2,0.5,0.866
2001,1,28,2,30,0,0,0,-6,-4,1000.0,295.6,0.5,0.866
2001,1,28,3,30,0,0,0,-6,-4,1000.0,295.3,0.5,0.866
2001,1,28,4,30,0,0,0,-6,-4,1000.0,297.0,0.6000000000000001,0.866
2001,1,28,5,30,0,0,0,-7,-5,1000.0,301.1,0.6000000000000001,0.866
2001,1,28,6,30,0,0,0,-7,-5,1000.0,304.40000000000003,0.6000000000000001,0.866
2001,1,28,7,30,283,22,37,-8,-4,1000.0,305.8,0.6000000000000001,0.866
2001,1,28,8,30,672,58,202,-7,-3,1000.0,307.0,0.6000000000000001,0.866
2001,1,28,9,30,819,78,361,-7,-2,1000.0,308.6,0.6000000000000001,0.866
2001,1,28,10,30,883,91,479,-6,-1,1000.0,308.40000000000003,0.6000000000000001,0.866
2001,1,28,11,30,905,99,542,-6,0,1000.0,308.20000000000005,0.6000000000000001,0.866
2001,1,28,12,30,896,102,543,-6,0,1000.0,304.5,0.6000000000000001,0.866
2001,1,28,13,30,865,96,483,-5,0,1000.0,300.7,0.6000000000000001,0.866
2001,1,28,14,30,783,87,366,-5,0,1000.0,298.6,0.5,0.866
2001,1,28,15,30,624,67,210,-5,-1,1000.0,297.5,0.4,0.866
2001,1,28,16,30,279,28,48,-6,-3,1000.0,299.1,0.4,0.866
2001,1,28,17,30,0,0,0,-7,-4,1000.0,302.2,0.30000000000000004,0.866
2001,1,28,18,30,0,0,0,-8,-5,1000.0,299.1,0.30000000000000004,0.866
2001,1,28,19,30,0,0,0,-8,-6,1010.0,292.7,0.4,0.866
2001,1,28,20,30,0,0,0,-9,-6,1010.0,289.1,0.4,0.866
2001,1,28,21,30,0,0,0,-9,-7,1010.0,289.6,0.4,0.866
2001,1,28,22,30,0,0,0,-9,-7,1010.0,289.7,0.5,0.866
2001,1,28,23,30,0,0,0,-10,-8,1010.0,292.5,0.5,0.866
2001,1,29,0,30,0,0,0,-10,-9,1010.0,292.3,0.5,0.866
2001,1,29,1,30,0,0,0,-10,-9,1010.0,294.1,0.6000000000000001,0.866
2001,1,29,2,30,0,0,0,-10,-9,1010.0,297.5,0.6000000000000001,0.866
2001,1,29,3,30,0,0,0,-10,-10,1010.0,292.1,0.6000000000000001,0.866
2001,1,29,4,30,0,0,0,-11,-10,1010.0,294.3,0.6000000000000001,0.866
2001,1,29,5,30,0,0,0,-11,-10,1010.0,300.7,0.6000000000000001,0.866
2001,1,29,6,30,0,0,0,-11,-9,1010.0,306.5,0.6000000000000001,0.866
2001,1,29,7,30,210,24,36,-11,-7,1010.0,310.90000000000003,0.4,0.866
2001,1,29,8,30,578,69,194,-9,-4,1010.0,301.8,0.2,0.866
2001,1,29,9,30,736,95,352,-6,-1,1010.0,295.5,0.2,0.866
2001,1,29,10,30,774,122,465,-5,0,1010.0,292.6,0.30000000000000004,0.866
2001,1,29,11,30,809,130,529,-4,0,1010.0,274.6,0.30000000000000004,0.866
2001,1,29,12,30,647,125,446,-4,0,1000.0,260.6,0.30000000000000004,0.866
2001,1,29,13,30,798,115,475,-3,1,1000.0,253.20000000000002,0.30000000000000004,0.866
2001,1,29,14,30,598,90,306,-3,0,1000.0,246.20000000000002,0.2,0.866
2001,1,29,15,30,610,69,211,-3,-1,1000.0,233.60000000000002,0.30000000000000004,0.866
2001,1,29,16,30,302,28,50,-5,-4,1000.0,226.9,0.4,0.866
2001,1,29,17,30,0,0,0,-7,-5,1000.0,227.5,0.30000000000000004,0.866
2001,1,29,18,30,0,0,0,-7,-6,1000.0,226.0,0.30000000000000004,0.866
2001,1,29,19,30,0,0,0,-7,-6,1000.0,220.4,0.30000000000000004,0.866
2001,1,29,20,30,0,0,0,-8,-7,1000.0,215.4,0.30000000000000004,0.866
2001,1,29,21,30,0,0,0,-8,-7,1000.0,210.60000000000002,0.4,0.866
2001,1,29,22,30,0,0,0,-8,-7,1000.0,213.70000000000002,0.4,0.866
2001,1,29,23,30,0,0,0,-8,-7,1000.0,219.8,0.30000000000000004,0.866
2001,1,30,0,30,0,0,0,-7,-6,1000.0,225.0,0.30000000000000004,0.866
2001,1,30,1,30,0,0,0,-7,-5,1000.0,227.4,0.30000000000000004,0.866
2001,1,30,2,30,0,0,0,-6,-5,1000.0,226.5,0.2,0.866
2001,1,30,3,30,0,0,0,-6,-4,1000.0,223.70000000000002,0.2,0.866
2001,1,30,4,30,0,0,0,-5,-3,1000.0,216.4,0.30000000000000004,0.866
2001,1,30,5,30,0,0,0,-4,-3,1000.0,205.60000000000002,0.30000000000000004,0.866
2001,1,30,6,30,0,0,0,-4,-2,1000.0,198.70000000000002,0.2,0.866
2001,1,30,7,30,0,14,14,-3,-1,1000.0,188.0,0.2,0.866
2001,1,30,8,30,0,45,45,-2,0,990.0,171.4,0.30000000000000004,0.866
2001,1,30,9,30,0,114,114,-1,0,990.0,139.20000000000002,0.30000000000000004,0.866
2001,1,30,10,30,0,140,140,0,0,990.0,127.4,0.4,0.866
2001,1,30,11,30,30,198,213,0,1,990.0,123.5,0.4,0.866
2001,1,30,12,30,61,222,253,0,1,980.0,118.30000000000001,0.4,0.866
2001,1,30,13,30,1,150,151,1,1,980.0,113.7,0.5,0.866
2001,1,30,14,30,0,22,22,2,3,980.0,133.3,0.6000000000000001,0.866
2001,1,30,15,30,0,66,66,2,4,980.0,197.5,0.7000000000000001,0.866
2001,1,30,16,30,0,16,16,2,3,980.0,227.3,0.6000000000000001,0.866
2001,1,30,17,30,0,0,0,2,3,980.0,237.0,0.5,0.866
2001,1,30,18,30,0,0,0,2,2,980.0,242.70000000000002,0.5,0.866
2001,1,30,19,30,0,0,0,1,2,980.0,249.5,0.6000000000000001,0.866
2001,1,30,20,30,0,0,0,1,1,980.0,252.5,0.5,0.866
2001,1,30,21,30,0,0,0,0,1,980.0,251.60000000000002,0.5,0.866
2001,1,30,22,30,0,0,0,0,1,980.0,250.60000000000002,0.4,0.866
2001,1,30,23,30,0,0,0,0,0,980.0,254.9,0.30000000000000004,0.866
2001,1,31,0,30,0,0,0,0,0,980.0,260.8,0.30000000000000004,0.866
2001,1,31,1,30,0,0,0,0,0,980.0,266.6,0.30000000000000004,0.866
2001,1,31,2,30,0,0,0,0,0,980.0,273.90000000000003,0.4,0.866
2001,1,31,3,30,0,0,0,0,0,980.0,277.90000000000003,0.4,0.866
2001,1,31,4,30,0,0,0,0,0,980.0,270.40000000000003,0.30000000000000004,0.866
2001,1,31,5,30,0,0,0,0,0,980.0,231.9,0.30000000000000004,0.866
2001,1,31,6,30,0,0,0,0,0,980.0,183.4,0.30000000000000004,0.866
2001,1,31,7,30,141,27,36,0,0,980.0,168.3,0.30000000000000004,0.866
2001,1,31,8,30,0,19,19,0,1,980.0,172.10000000000002,0.30000000000000004,0.866
2001,1,31,9,30,5,126,128,1,2,980.0,175.3,0.30000000000000004,0.866
2001,1,31,10,30,63,191,220,2,3,980.0,187.5,0.4,0.866
2001,1,31,11,30,40,222,242,2,4,980.0,203.8,0.4,0.866
2001,1,31,12,30,7,173,177,2,4,980.0,223.70000000000002,0.30000000000000004,0.866
2001,1,31,13,30,0,107,107,2,4,980.0,240.8,0.30000000000000004,0.866
2001,1,31,14,30,0,75,75,2,3,980.0,249.4,0.30000000000000004,0.866
2001,1,31,15,30,0,13,13,2,2,980.0,259.2,0.30000000000000004,0.866
2001,1,31,16,30,0,3,3,0,1,990.0,269.90000000000003,0.30000000000000004,0.866
2001,1,31,17,30,0,0,0,0,0,990.0,273.90000000000003,0.30000000000000004,0.866
2001,1,31,18,30,0,0,0,0,0,990.0,266.40000000000003,0.30000000000000004,0.866
1998,1,31,19,30,0,0,0,-4,-3,1000.0,332.20000000000005,0.30000000000000004,0.866
1998,1,31,20,30,0,0,0,-5,-4,1000.0,328.40000000000003,0.4,0.866
1998,1,31,21,30,0,0,0,-6,-5,1000.0,327.3,0.4,0.866
1998,1,31,22,30,0,0,0,-6,-6,1000.0,328.40000000000003,0.4,0.866
1998,1,31,23,30,0,0,0,-7,-6,1000.0,329.5,0.4,0.866
1998,2,1,0,30,0,0,0,-8,-7,1000.0,330.6,0.4,0.866
1998,2,1,1,30,0,0,0,-9,-7,1000.0,331.90000000000003,0.4,0.866
1998,2,1,2,30,0,0,0,-9,-8,1000.0,333.6,0.4,0.866
1998,2,1,3,30,0,0,0,-10,-8,1000.0,334.8,0.5,0.866
1998,2,1,4,30,0,0,0,-10,-9,1000.0,337.70000000000005,0.5,0.866
1998,2,1,5,30,0,0,0,-11,-9,1000.0,340.3,0.5,0.866
1998,2,1,6,30,0,0,0,-11,-9,1010.0,342.20000000000005,0.4,0.866
1998,2,1,7,30,314,23,43,-11,-7,1010.0,344.90000000000003,0.30000000000000004,0.866
1998,2,1,8,30,654,58,206,-9,-4,1010.0,345.40000000000003,0.2,0.866
1998,2,1,9,30,796,78,364,-6,-1,1010.0,350.8,0.2,0.866
1998,2,1,10,30,864,90,482,-5,1,1010.0,21.700000000000003,0.2,0.866
1998,2,1,11,30,895,95,547,-4,2,1010.0,19.900000000000002,0.2,0.866
1998,2,1,12,30,897,95,550,-3,3,1000.0,355.70000000000005,0.2,0.866
1998,2,1,13,30,872,90,493,-3,3,1000.0,337.3,0.2,0.866
1998,2,1,14,30,811,78,381,-2,2,1010.0,329.40000000000003,0.2,0.866
1998,2,1,15,30,685,59,227,0,1,1010.0,332.1,0.4,0.866
1998,2,1,16,30,388,28,61,-2,0,1010.0,342.40000000000003,0.7000000000000001,0.866
1998,2,1,17,30,0,0,0,-3,0,1010.0,353.3,0.7000000000000001,0.866
1998,2,1,18,30,0,0,0,-3,0,1010.0,21.900000000000002,0.6000000000000001,0.866
1998,2,1,19,30,0,0,0,-3,0,1010.0,75.60000000000001,0.7000000000000001,0.866
1998,2,1,20,30,0,0,0,-4,-1,1010.0,110.4,0.8,0.866
1998,2,1,21,30,0,0,0,-4,-2,1010.0,130.6,0.9,0.866
1998,2,1,22,30,0,0,0,-4,-3,1010.0,144.70000000000002,0.9,0.866
1998,2,1,23,30,0,0,0,-5,-3,1010.0,157.70000000000002,1.0,0.866
1998,2,2,0,30,0,0,0,-5,-3,1010.0,172.8,0.9,0.866
1998,2,2,1,30,0,0,0,-5,-3,1010.0,190.8,0.9,0.866
1998,2,2,2,30,0,0,0,-5,-3,1010.0,214.10000000000002,0.9,0.866
1998,2,2,3,30,0,0,0,-5,-3,1010.0,231.8,0.8,0.866
1998,2,2,4,30,0,0,0,-4,-3,1010.0,234.0,0.8,0.866
1998,2,2,5,30,0,0,0,-5,-4,1010.0,244.70000000000002,0.9,0.866
1998,2,2,6,30,0,0,0,-5,-5,1010.0,253.20000000000002,0.8,0.866
1998,2,2,7,30,287,25,44,-5,-3,1010.0,259.8,0.4,0.866
1998,2,2,8,30,615,65,206,-3,-1,1010.0,254.0,0.1,0.866
1998,2,2,9,30,765,88,365,-1,1,1010.0,179.4,0.1,0.866
1998,2,2,10,30,843,100,486,0,4,1010.0,188.4,0.2,0.866
1998,2,2,11,30,867,109,551,0,5,1010.0,201.9,0.30000000000000004,0.866
1998,2,2,12,30,644,131,461,0,5,1010.0,202.10000000000002,0.4,0.866
1998,2,2,13,30,677,106,422,1,4,1010.0,207.60000000000002,0.30000000000000004,0.866
1998,2,2,14,30,594,96,321,2,3,1010.0,213.10000000000002,0.2,0.866
1998,2,2,15,30,256,90,154,1,1,1010.0,209.9,0.2,0.866
1998,2,2,16,30,101,33,42,0,0,1010.0,206.4,0.2,0.866
1998,2,2,17,30,0,0,0,0,0,1010.0,199.20000000000002,0.2,0.866
1998,2,2,18,30,0,0,0,0,0,1010.0,195.3,0.30000000000000004,0.866
1998,2,2,19,30,0,0,0,0,0,1000.0,199.0,0.30000000000000004,0.866
1998,2,2,20,30,0,0,0,0,0,1000.0,207.60000000000002,0.30000000000000004,0.866
1998,2,2,21,30,0,0,0,0,0,1000.0,212.70000000000002,0.2,0.866
1998,2,2,22,30,0,0,0,0,0,1000.0,217.5,0.2,0.866
1998,2,2,23,30,0,0,0,0,0,1000.0,227.10000000000002,0.2,0.866
1998,2,3,0,30,0,0,0,0,0,1000.0,233.5,0.2,0.866
1998,2,3,1,30,0,0,0,0,0,1000.0,239.0,0.2,0.866
1998,2,3,2,30,0,0,0,0,0,1000.0,250.70000000000002,0.2,0.866
1998,2,3,3,30,0,0,0,0,0,1000.0,261.7,0.2,0.866
1998,2,3,4,30,0,0,0,0,0,1000.0,266.1,0.2,0.866
1998,2,3,5,30,0,0,0,0,0,1000.0,281.7,0.2,0.866
1998,2,3,6,30,0,0,0,0,0,1000.0,303.40000000000003,0.2,0.866
1998,2,3,7,30,35,27,29,0,0,1000.0,311.20000000000005,0.30000000000000004,0.866
1998,2,3,8,30,288,81,149,0,2,1000.0,315.1,0.30000000000000004,0.866
1998,2,3,9,30,498,110,293,1,3,1000.0,321.90000000000003,0.4,0.866
1998,2,3,10,30,617,121,406,1,4,1000.0,333.20000000000005,0.5,0.866
1998,2,3,11,30,673,123,468,1,4,1000.0,318.6,0.4,0.866
1998,2,3,12,30,621,139,460,1,3,1000.0,302.6,0.30000000000000004,0.866
1998,2,3,13,30,428,171,373,1,3,1000.0,304.6,0.30000000000000004,0.866
1998,2,3,14,30,229,157,244,1,2,1000.0,320.40000000000003,0.2,0.866
1998,2,3,15,30,46,97,109,0,1,1000.0,323.40000000000003,0.2,0.866
1998,2,3,16,30,0,30,30,0,0,1000.0,326.70000000000005,0.2,0.866
1998,2,3,17,30,0,0,0,0,0,1000.0,326.40000000000003,0.2,0.866
1998,2,3,18,30,0,0,0,0,0,1000.0,334.5,0.2,0.866
1998,2,3,19,30,0,0,0,0,0,1000.0,342.5,0.2,0.866
1998,2,3,20,30,0,0,0,-1,0,1000.0,343.20000000000005,0.2,0.866
1998,2,3,21,30,0,0,0,-1,0,1000.0,344.90000000000003,0.30000000000000004,0.866
1998,2,3,22,30,0,0,0,-1,0,1000.0,351.90000000000003,0.30000000000000004,0.866
1998,2,3,23,30,0,0,0,-1,-1,1000.0,4.2,0.30000000000000004,0.866
1998,2,4,0,30,0,0,0,-2,-1,1000.0,13.3,0.30000000000000004,0.866
1998,2,4,1,30,0,0,0,-2,-1,1000.0,21.200000000000003,0.4,0.866
1998,2,4,2,30,0,0,0,-2,-1,1000.0,25.8,0.4,0.866
1998,2,4,3,30,0,0,0,-2,-1,1000.0,20.700000000000003,0.4,0.866
1998,2,4,4,30,0,0,0,-2,-1,1000.0,20.5,0.4,0.866
1998,2,4,5,30,0,0,0,-2,-1,1000.0,21.3,0.4,0.866
1998,2,4,6,30,0,0,0,-2,-1,1000.0,21.900000000000002,0.4,0.866
1998,2,4,7,30,7,26,27,-2,0,1000.0,26.1,0.5,0.866
1998,2,4,8,30,185,90,134,-1,0,1000.0,39.400000000000006,0.5,0.866
1998,2,4,9,30,79,154,184,0,1,1000.0,51.2,0.6000000000000001,0.866
1998,2,4,10,30,125,207,265,0,2,1000.0,52.6,0.6000000000000001,0.866
1998,2,4,11,30,34,209,227,0,2,1000.0,53.900000000000006,0.6000000000000001,0.866
1998,2,4,12,30,9,181,186,0,2,1000.0,52.800000000000004,0.6000000000000001,0.866
1998,2,4,13,30,72,205,240,0,1,1000.0,51.300000000000004,0.6000000000000001,0.866
1998,2,4,14,30,0,130,130,0,1,1000.0,50.900000000000006,0.6000000000000001,0.866
1998,2,4,15,30,0,51,51,0,0,1000.0,49.300000000000004,0.7000000000000001,0.866
1998,2,4,16,30,0,14,14,0,0,1000.0,47.400000000000006,0.7000000000000001,0.866
1998,2,4,17,30,0,0,0,-1,0,1000.0,47.300000000000004,0.7000000000000001,0.866
1998,2,4,18,30,0,0,0,-1,0,1000.0,49.0,0.8,0.866
1998,2,4,19,30,0,0,0,-2,0,1000.0,51.1,0.8,0.866
1998,2,4,20,30,0,0,0,-2,0,1000.0,49.5,0.8,0.866
1998,2,4,21,30,0,0,0,-2,0,1000.0,47.0,0.8,0.866
1998,2,4,22,30,0,0,0,-3,-1,990.0,44.7,0.9,0.866
1998,2,4,23,30,0,0,0,-3,-1,990.0,42.1,0.9,0.866
1998,2,5,0,30,0,0,0,-3,-1,990.0,39.6,0.9,0.866
1998,2,5,1,30,0,0,0,-3,-1,990.0,37.1,1.0,0.866
1998,2,5,2,30,0,0,0,-4,-2,990.0,35.2,1.0,0.866
1998,2,5,3,30,0,0,0,-4,-2,990.0,34.300000000000004,1.0,0.866
1998,2,5,4,30,0,0,0,-4,-2,990.0,34.300000000000004,1.0,0.866
1998,2,5,5,30,0,0,0,-4,-2,990.0,33.4,1.0,0.866
1998,2,5,6,30,0,0,0,-4,-2,990.0,32.4,1.0,0.866
1998,2,5,7,30,5,27,27,-4,-2,990.0,32.5,1.1,0.866
1998,2,5,8,30,328,81,160,-4,-1,990.0,32.4,1.1,0.866
1998,2,5,9,30,295,146,257,-4,-1,990.0,31.8,1.1,0.866
1998,2,5,10,30,488,158,388,-3,-1,990.0,32.4,1.1,0.866
1998,2,5,11,30,211,236,346,-3,-1,990.0,33.0,1.1,0.866
1998,2,5,12,30,425,200,423,-3,-1,990.0,31.700000000000003,1.1,0.866
1998,2,5,13,30,102,213,262,-3,-1,990.0,30.6,1.1,0.866
1998,2,5,14,30,18,146,154,-3,-1,990.0,30.8,1.0,0.866
1998,2,5,15,30,0,80,80,-4,-1,990.0,28.700000000000003,1.0,0.866
1998,2,5,16,30,0,32,32,-5,-2,990.0,25.8,0.9,0.866
1998,2,5,17,30,0,0,0,-5,-3,990.0,25.0,0.9,0.866
1998,2,5,18,30,0,0,0,-6,-3,990.0,26.5,0.9,0.866
1998,2,5,19,30,0,0,0,-6,-3,990.0,27.5,0.8,0.866
1998,2,5,20,30,0,0,0,-6,-3,990.0,27.200000000000003,0.8,0.866
1998,2,5,21,30,0,0,0,-6,-3,990.0,25.3,0.8,0.866
1998,2,5,22,30,0,0,0,-6,-3,990.0,20.8,0.7000000000000001,0.866
1998,2,5,23,30,0,0,0,-7,-4,990.0,14.600000000000001,0.7000000000000001,0.866
1998,2,6,0,30,0,0,0,-7,-4,990.0,9.9,0.7000000000000001,0.866
1998,2,6,1,30,0,0,0,-8,-5,990.0,9.3,0.6000000000000001,0.866
1998,2,6,2,30,0,0,0,-9,-7,990.0,9.0,0.6000000000000001,0.866
1998,2,6,3,30,0,0,0,-10,-8,990.0,9.1,0.5,0.866
1998,2,6,4,30,0,0,0,-12,-9,990.0,8.9,0.5,0.866
1998,2,6,5,30,0,0,0,-13,-9,990.0,7.9,0.5,0.866
1998,2,6,6,30,0,0,0,-13,-9,990.0,5.1000000000000005,0.5,0.866
1998,2,6,7,30,523,24,67,-13,-7,990.0,0.2,0.5,0.866
1998,2,6,8,30,809,50,248,-10,-4,990.0,359.90000000000003,0.5,0.866
1998,2,6,9,30,919,65,413,-8,-1,990.0,7.7,0.5,0.866
1998,2,6,10,30,969,74,535,-7,0,990.0,19.8,0.5,0.866
1998,2,6,11,30,989,79,600,-5,1,990.0,18.900000000000002,0.5,0.866
1998,2,6,12,30,986,79,602,-4,2,990.0,15.100000000000001,0.4,0.866
1998,2,6,13,30,961,75,542,-3,2,990.0,10.9,0.4,0.866
1998,2,6,14,30,906,67,425,-3,2,990.0,6.0,0.30000000000000004,0.866
1998,2,6,15,30,797,53,264,-1,0,1000.0,359.0,0.2,0.866
1998,2,6,16,30,542,29,86,-2,-2,1000.0,352.3,0.30000000000000004,0.866
1998,2,6,17,30,0,0,0,-4,-3,1000.0,352.70000000000005,0.4,0.866
1998,2,6,18,30,0,0,0,-5,-4,1000.0,354.6,0.30000000000000004,0.866
1998,2,6,19,30,0,0,0,-5,-4,1000.0,359.70000000000005,0.30000000000000004,0.866
1998,2,6,20,30,0,0,0,-5,-5,1000.0,5.2,0.30000000000000004,0.866
1998,2,6,21,30,0,0,0,-6,-5,1000.0,9.9,0.30000000000000004,0.866
1998,2,6,22,30,0,0,0,-7,-6,1000.0,11.4,0.30000000000000004,0.866
1998,2,6,23,30,0,0,0,-7,-6,1000.0,10.9,0.30000000000000004,0.866
1998,2,7,0,30,0,0,0,-8,-7,1000.0,10.700000000000001,0.30000000000000004,0.866
1998,2,7,1,30,0,0,0,-8,-7,1000.0,12.9,0.4,0.866
1998,2,7,2,30,0,0,0,-9,-8,1000.0,16.1,0.4,0.866
1998,2,7,3,30,0,0,0,-9,-8,1000.0,19.900000000000002,0.4,0.866
1998,2,7,4,30,0,0,0,-9,-8,1000.0,24.5,0.4,0.866
1998,2,7,5,30,0,0,0,-9,-8,1000.0,26.8,0.30000000000000004,0.866
1998,2,7,6,30,0,0,0,-9,-7,1000.0,27.1,0.30000000000000004,0.866
1998,2,7,7,30,427,28,65,-8,-5,1000.0,26.0,0.30000000000000004,0.866
1998,2,7,8,30,731,59,241,-6,-2,1000.0,27.200000000000003,0.30000000000000004,0.866
1998,2,7,9,30,663,83,337,-4,0,1000.0,51.6,0.4,0.866
1998,2,7,10,30,913,88,527,-3,0,1000.0,66.60000000000001,0.30000000000000004,0.866
1998,2,7,11,30,832,84,526,-3,1,1000.0,62.6,0.30000000000000004,0.866
1998,2,7,12,30,751,107,509,-2,2,1000.0,48.900000000000006,0.4,0.866
1998,2,7,13,30,519,159,413,-2,2,1000.0,41.800000000000004,0.4,0.866
1998,2,7,14,30,711,78,361,-2,1,1000.0,44.800000000000004,0.30000000000000004,0.866
1998,2,7,15,30,609,59,223,-1,0,1000.0,53.7,0.2,0.866
1998,2,7,16,30,289,38,70,-2,-1,1000.0,60.6,0.2,0.866
1998,2,7,17,30,0,0,0,-4,-3,1000.0,61.0,0.30000000000000004,0.866
1998,2,7,18,30,0,0,0,-4,-3,1000.0,58.2,0.30000000000000004,0.866
1998,2,7,19,30,0,0,0,-4,-4,1000.0,54.2,0.30000000000000004,0.866
1998,2,7,20,30,0,0,0,-5,-4,1000.0,49.5,0.30000000000000004,0.866
1998,2,7,21,30,0,0,0,-5,-5,1000.0,43.0,0.30000000000000004,0.866
1998,2,7,22,30,0,0,0,-6,-5,1000.0,36.300000000000004,0.30000000000000004,0.866
1998,2,7,23,30,0,0,0,-6,-5,1000.0,30.900000000000002,0.4,0.866
1998,2,8,0,30,0,0,0,-7,-6,1000.0,27.700000000000003,0.4,0.866
1998,2,8,1,30,0,0,0,-7,-6,1000.0,27.200000000000003,0.4,0.866
1998,2,8,2,30,0,0,0,-8,-7,1000.0,26.6,0.4,0.866
1998,2,8,3,30,0,0,0,-8,-7,1000.0,23.8,0.4,0.866
1998,2,8,4,30,0,0,0,-9,-8,1000.0,19.5,0.4,0.866
1998,2,8,5,30,0,0,0,-9,-8,1000.0,16.1,0.4,0.866
1998,2,8,6,30,0,0,0,-9,-7,1000.0,15.200000000000001,0.5,0.866
1998,2,8,7,30,397,31,67,-9,-6,1000.0,18.3,0.5,0.866
1998,2,8,8,30,216,95,150,-7,-3,1000.0,24.200000000000003,0.6000000000000001,0.866
1998,2,8,9,30,398,136,291,-5,-1,1000.0,36.5,0.6000000000000001,0.866
1998,2,8,10,30,866,105,524,-4,0,1000.0,42.900000000000006,0.6000000000000001,0.866
1998,2,8,11,30,891,111,589,-4,0,1000.0,41.300000000000004,0.6000000000000001,0.866
1998,2,8,12,30,893,110,592,-3,1,1000.0,39.1,0.6000000000000001,0.866
1998,2,8,13,30,870,103,533,-3,1,1000.0,38.1,0.6000000000000001,0.866
1998,2,8,14,30,814,90,418,-2,1,1000.0,38.800000000000004,0.5,0.866
1998,2,8,15,30,699,69,261,-2,0,1000.0,38.900000000000006,0.4,0.866
1998,2,8,16,30,435,37,87,-3,-1,1000.0,37.800000000000004,0.30000000000000004,0.866
1998,2,8,17,30,0,0,0,-4,-3,1000.0,40.5,0.30000000000000004,0.866
1998,2,8,18,30,0,0,0,-5,-4,1000.0,44.800000000000004,0.30000000000000004,0.866
1998,2,8,19,30,0,0,0,-5,-5,1000.0,48.900000000000006,0.30000000000000004,0.131
1998,2,8,20,30,0,0,0,-6,-6,1000.0,50.0,0.30000000000000004,0.131
1998,2,8,21,30,0,0,0,-7,-6,1000.0,49.2,0.30000000000000004,0.131
1998,2,8,22,30,0,0,0,-7,-7,1000.0,44.400000000000006,0.30000000000000004,0.131
1998,2,8,23,30,0,0,0,-8,-7,1000.0,37.9,0.30000000000000004,0.131
1998,2,9,0,30,0,0,0,-8,-8,1000.0,31.400000000000002,0.30000000000000004,0.131
1998,2,9,1,30,0,0,0,-8,-8,1000.0,24.200000000000003,0.30000000000000004,0.131
1998,2,9,2,30,0,0,0,-9,-8,1000.0,16.8,0.30000000000000004,0.131
1998,2,9,3,30,0,0,0,-9,-8,1000.0,14.5,0.30000000000000004,0.131
1998,2,9,4,30,0,0,0,-10,-9,1000.0,15.100000000000001,0.30000000000000004,0.131
1998,2,9,5,30,0,0,0,-10,-9,1000.0,13.3,0.30000000000000004,0.131
1998,2,9,6,30,0,0,0,-10,-8,1000.0,8.200000000000001,0.30000000000000004,0.131
1998,2,9,7,30,440,27,68,-9,-5,1000.0,2.8000000000000003,0.2,0.131
1998,2,9,8,30,726,51,238,-8,-2,1000.0,346.20000000000005,0.2,0.131
1998,2,9,9,30,844,64,395,-6,0,1000.0,298.90000000000003,0.2,0.131
1998,2,9,10,30,900,71,511,-5,2,1000.0,275.40000000000003,0.2,0.131
1998,2,9,11,30,923,75,574,-3,3,1000.0,268.8,0.30000000000000004,0.131
1998,2,9,12,30,924,76,578,-3,4,1000.0,271.0,0.4,0.131
1998,2,9,13,30,901,73,522,-2,4,1000.0,276.2,0.30000000000000004,0.131
1998,2,9,14,30,846,67,412,-1,3,1000.0,281.40000000000003,0.2,0.131
1998,2,9,15,30,736,55,260,0,2,1000.0,281.0,0.4,0.131
1998,2,9,16,30,485,32,90,-1,0,1000.0,279.2,0.7000000000000001,0.131
1998,2,9,17,30,0,0,0,-2,0,1000.0,283.8,0.7000000000000001,0.131
1998,2,9,18,30,0,0,0,-2,-1,1000.0,290.2,0.5,0.131
1998,2,9,19,30,0,0,0,-2,-1,1000.0,298.8,0.30000000000000004,0.131
1998,2,9,20,30,0,0,0,-2,-2,1000.0,306.2,0.30000000000000004,0.131
1998,2,9,21,30,0,0,0,-3,-2,1000.0,313.1,0.30000000000000004,0.131
1998,2,9,22,30,0,0,0,-3,-3,1000.0,321.90000000000003,0.30000000000000004,0.131
1998,2,9,23,30,0,0,0,-4,-3,1000.0,333.8,0.30000000000000004,0.131
1998,2,10,0,30,0,0,0,-4,-4,1000.0,346.40000000000003,0.30000000000000004,0.131
1998,2,10,1,30,0,0,0,-5,-4,1000.0,358.5,0.30000000000000004,0.131
1998,2,10,2,30,0,0,0,-5,-4,1000.0,10.5,0.30000000000000004,0.131
1998,2,10,3,30,0,0,0,-5,-4,1010.0,21.900000000000002,0.30000000000000004,0.131
1998,2,10,4,30,0,0,0,-5,-5,1010.0,33.5,0.30000000000000004,0.131
1998,2,10,5,30,0,0,0,-5,-5,1010.0,43.300000000000004,0.30000000000000004,0.131
1998,2,10,6,30,0,0,0,-6,-4,1010.0,50.300000000000004,0.30000000000000004,0.131
1998,2,10,7,30,371,32,68,-5,-2,1010.0,55.800000000000004,0.30000000000000004,0.131
1998,2,10,8,30,661,62,235,-3,0,1010.0,58.0,0.30000000000000004,0.131
1998,2,10,9,30,789,78,391,-1,2,1010.0,81.80000000000001,0.30000000000000004,0.131
1998,2,10,10,30,851,88,508,0,4,1010.0,99.0,0.30000000000000004,0.131
1998,2,10,11,30,329,229,409,0,5,1010.0,122.2,0.30000000000000004,0.131
1998,2,10,12,30,455,202,453,0,6,1010.0,135.4,0.2,0.131
1998,2,10,13,30,503,168,422,0,5,1010.0,141.8,0.2,0.131
1998,2,10,14,30,387,150,310,0,4,1010.0,144.1,0.30000000000000004,0.131
1998,2,10,15,30,43,109,121,1,2,1010.0,141.70000000000002,0.5,0.131
1998,2,10,16,30,422,37,89,0,0,1010.0,146.1,0.6000000000000001,0.131
1998,2,10,17,30,0,0,0,-1,0,1010.0,154.5,0.4,0.131
1998,2,10,18,30,0,0,0,-1,-1,1010.0,165.70000000000002,0.2,0.131
1998,2,10,19,30,0,0,0,-2,-1,1010.0,175.60000000000002,0.2,0.131
1998,2,10,20,30,0,0,0,-2,-2,1010.0,185.0,0.2,0.131
1998,2,10,21,30,0,0,0,-2,-1,1010.0,191.20000000000002,0.2,0.131
1998,2,10,22,30,0,0,0,-1,0,1010.0,195.60000000000002,0.30000000000000004,0.131
1998,2,10,23,30,0,0,0,-1,0,1010.0,210.0,0.30000000000000004,0.131
1998,2,11,0,30,0,0,0,-1,0,1010.0,205.8,0.2,0.131
1998,2,11,1,30,0,0,0,-1,0,1010.0,193.0,0.2,0.131
1998,2,11,2,30,0,0,0,0,0,1010.0,195.4,0.2,0.131
1998,2,11,3,30,0,0,0,0,0,1010.0,206.10000000000002,0.2,0.131
1998,2,11,4,30,0,0,0,0,0,1010.0,199.9,0.2,0.131
1998,2,11,5,30,0,0,0,0,0,1010.0,188.5,0.2,0.131
1998,2,11,6,30,0,0,0,0,0,1010.0,188.8,0.2,0.131
1998,2,11,7,30,0,7,7,0,0,1010.0,187.9,0.30000000000000004,0.131
1998,2,11,8,30,0,23,23,0,1,1010.0,190.8,0.30000000000000004,0.131
1998,2,11,9,30,69,167,195,0,3,1010.0,192.8,0.4,0.131
1998,2,11,10,30,799,103,501,1,4,1010.0,194.10000000000002,0.4,0.131
1998,2,11,11,30,346,229,419,1,5,1000.0,190.3,0.5,0.131
1998,2,11,12,30,826,110,567,1,6,1000.0,188.8,0.5,0.131
1998,2,11,13,30,429,189,407,2,6,1000.0,180.8,0.4,0.131
1998,2,11,14,30,224,175,269,2,5,1000.0,177.5,0.30000000000000004,0.131
1998,2,11,15,30,161,114,160,2,3,1000.0,169.0,0.2,0.131
1998,2,11,16,30,77,48,58,1,1,1000.0,159.8,0.2,0.131
1998,2,11,17,30,0,0,0,1,1,1000.0,154.8,0.30000000000000004,0.131
1998,2,11,18,30,0,0,0,1,1,1000.0,150.70000000000002,0.30000000000000004,0.131
1998,2,11,19,30,0,0,0,1,2,1000.0,143.9,0.30000000000000004,0.131
1998,2,11,20,30,0,0,0,1,2,1000.0,142.20000000000002,0.4,0.131
1998,2,11,21,30,0,0,0,2,2,1000.0,156.20000000000002,0.5,0.131
1998,2,11,22,30,0,0,0,2,3,990.0,154.10000000000002,0.5,0.131
1998,2,11,23,30,0,0,0,2,4,990.0,145.1,0.6000000000000001,0.131
1998,2,12,0,30,0,0,0,4,5,990.0,144.5,0.7000000000000001,0.131
1998,2,12,1,30,0,0,0,6,7,990.0,157.70000000000002,0.9,0.131
1998,2,12,2,30,0,0,0,7,8,980.0,168.3,1.1,0.131
1998,2,12,3,30,0,0,0,8,9,980.0,168.20000000000002,1.1,0.131
1998,2,12,4,30,0,0,0,8,9,980.0,174.9,1.0,0.131
1998,2,12,5,30,0,0,0,7,8,980.0,187.3,0.7000000000000001,0.131
1998,2,12,6,30,0,0,0,6,7,980.0,194.5,0.5,0.131
1998,2,12,7,30,0,3,3,6,7,980.0,197.4,0.5,0.131
1998,2,12,8,30,0,88,88,7,7,980.0,203.20000000000002,0.5,0.131
1998,2,12,9,30,0,14,14,8,8,980.0,209.8,0.5,0.131
1998,2,12,10,30,0,92,92,9,9,980.0,219.70000000000002,0.5,0.131
1998,2,12,11,30,0,98,98,9,10,980.0,230.9,0.6000000000000001,0.131
1998,2,12,12,30,80,251,296,9,9,980.0,242.8,0.6000000000000001,0.131
1998,2,12,13,30,0,143,143,8,8,980.0,254.0,0.6000000000000001,0.131
1998,2,12,14,30,0,91,91,6,7,980.0,261.7,0.7000000000000001,0.131
1998,2,12,15,30,0,38,38,4,6,980.0,263.2,0.6000000000000001,0.131
1998,2,12,16,30,38,49,54,4,5,980.0,258.90000000000003,0.6000000000000001,0.131
1998,2,12,17,30,0,0,0,4,4,980.0,260.0,0.7000000000000001,0.131
1998,2,12,18,30,0,0,0,2,4,980.0,269.40000000000003,0.8,0.131
1998,2,12,19,30,0,0,0,2,3,980.0,276.0,0.9,0.131
1998,2,12,20,30,0,0,0,1,2,980.0,276.8,0.9,0.131
1998,2,12,21,30,0,0,0,0,2,980.0,278.5,0.9,0.131
1998,2,12,22,30,0,0,0,0,1,980.0,279.0,1.0,0.131
1998,2,12,23,30,0,0,0,0,1,980.0,279.1,1.0,0.131
1998,2,13,0,30,0,0,0,-1,0,980.0,281.6,1.0,0.131
1998,2,13,1,30,0,0,0,-1,0,990.0,286.3,1.0,0.131
1998,2,13,2,30,0,0,0,-2,0,990.0,290.40000000000003,0.9,0.131
1998,2,13,3,30,0,0,0,-3,0,990.0,292.6,0.8,0.131
1998,2,13,4,30,0,0,0,-3,-1,990.0,293.2,0.8,0.131
1998,2,13,5,30,0,0,0,-4,-1,990.0,294.2,0.7000000000000001,0.131
1998,2,13,6,30,0,0,0,-4,-1,990.0,296.0,0.7000000000000001,0.131
1998,2,13,7,30,462,34,84,-4,0,990.0,298.6,0.7000000000000001,0.131
1998,2,13,8,30,752,57,263,-4,0,990.0,303.6,0.8,0.131
1998,2,13,9,30,874,67,426,-4,2,990.0,306.3,0.8,0.131
1998,2,13,10,30,931,74,546,-4,3,990.0,304.2,0.8,0.131
1998,2,13,11,30,290,245,408,-4,3,990.0,300.0,0.9,0.131
1998,2,13,12,30,350,235,433,-4,4,990.0,298.40000000000003,0.8,0.131
1998,2,13,13,30,929,74,555,-4,3,990.0,299.90000000000003,0.8,0.131
1998,2,13,14,30,638,102,375,-4,2,990.0,301.7,0.7000000000000001,0.131
1998,2,13,15,30,390,97,212,-4,1,990.0,304.8,0.6000000000000001,0.131
1998,2,13,16,30,289,45,84,-4,0,1000.0,308.70000000000005,0.6000000000000001,0.131
1998,2,13,17,30,0,0,0,-4,0,1000.0,314.6,0.6000000000000001,0.131
1998,2,13,18,30,0,0,0,-5,-1,1000.0,320.70000000000005,0.6000000000000001,0.131
1998,2,13,19,30,0,0,0,-5,-2,1000.0,325.3,0.6000000000000001,0.131
1998,2,13,20,30,0,0,0,-6,-3,1000.0,329.1,0.5,0.131
1998,2,13,21,30,0,0,0,-7,-3,1000.0,331.20000000000005,0.5,0.131
1998,2,13,22,30,0,0,0,-8,-4,1000.0,333.5,0.5,0.131
1998,2,13,23,30,0,0,0,-9,-4,1000.0,335.8,0.5,0.131
1998,2,14,0,30,0,0,0,-9,-5,1000.0,337.3,0.5,0.131
1998,2,14,1,30,0,0,0,-10,-5,1000.0,339.0,0.5,0.131
1998,2,14,2,30,0,0,0,-11,-6,1000.0,341.6,0.5,0.131
1998,2,14,3,30,0,0,0,-11,-6,1000.0,345.70000000000005,0.5,0.131
1998,2,14,4,30,0,0,0,-12,-6,1000.0,348.90000000000003,0.6000000000000001,0.131
1998,2,14,5,30,0,0,0,-12,-7,1000.0,351.0,0.6000000000000001,0.131
1998,2,14,6,30,0,0,0,-13,-7,1000.0,351.8,0.6000000000000001,0.131
1998,2,14,7,30,541,31,92,-14,-6,1000.0,352.3,0.6000000000000001,0.131
1998,2,14,8,30,286,101,181,-14,-4,1000.0,352.0,0.7000000000000001,0.131
1998,2,14,9,30,550,119,347,-14,-3,1000.0,349.1,0.7000000000000001,0.131
1998,2,14,10,30,958,72,563,-14,-1,1000.0,344.6,0.7000000000000001,0.131
1998,2,14,11,30,557,178,492,-14,0,1000.0,338.1,0.7000000000000001,0.131
1998,2,14,12,30,985,73,632,-13,0,1000.0,331.20000000000005,0.7000000000000001,0.131
1998,2,14,13,30,964,69,573,-12,0,1000.0,326.3,0.7000000000000001,0.131
1998,2,14,14,30,917,63,458,-12,-1,1000.0,324.5,0.7000000000000001,0.131
1998,2,14,15,30,822,52,299,-12,-2,1000.0,324.1,0.6000000000000001,0.131
1998,2,14,16,30,610,33,118,-11,-4,1000.0,324.40000000000003,0.6000000000000001,0.131
1998,2,14,17,30,0,0,0,-11,-5,1000.0,327.20000000000005,0.6000000000000001,0.131
1998,2,14,18,30,0,0,0,-11,-5,1000.0,330.90000000000003,0.6000000000000001,0.131
1998,2,14,19,30,0,0,0,-12,-6,1010.0,334.3,0.6000000000000001,0.131
1998,2,14,20,30,0,0,0,-13,-7,1010.0,335.70000000000005,0.6000000000000001,0.131
1998,2,14,21,30,0,0,0,-14,-8,1010.0,336.1,0.6000000000000001,0.131
1998,2,14,22,30,0,0,0,-14,-9,1010.0,336.70000000000005,0.6000000000000001,0.131
1998,2,14,23,30,0,0,0,-15,-10,1010.0,336.5,0.6000000000000001,0.131
1998,2,15,0,30,0,0,0,-16,-11,1010.0,335.20000000000005,0.5,0.131
1998,2,15,1,30,0,0,0,-16,-12,1010.0,333.40000000000003,0.5,0.131
1998,2,15,2,30,0,0,0,-17,-12,1010.0,330.6,0.5,0.131
1998,2,15,3,30,0,0,0,-17,-13,1010.0,332.0,0.5,0.131
1998,2,15,4,30,0,0,0,-17,-13,1010.0,336.40000000000003,0.5,0.131
1998,2,15,5,30,0,0,0,-18,-13,1010.0,337.70000000000005,0.5,0.131
1998,2,15,6,30,0,0,0,-18,-13,1010.0,335.40000000000003,0.5,0.131
1998,2,15,7,30,589,29,99,-18,-11,1010.0,337.70000000000005,0.6000000000000001,0.131
1998,2,15,8,30,824,48,281,-19,-9,1010.0,344.1,0.6000000000000001,0.131
1998,2,15,9,30,922,58,445,-18,-6,1010.0,347.70000000000005,0.6000000000000001,0.131
1998,2,15,10,30,969,65,566,-18,-4,1010.0,351.6,0.6000000000000001,0.131
1998,2,15,11,30,989,69,632,-17,-2,1010.0,351.1,0.5,0.131
1998,2,15,12,30,990,69,636,-16,-1,1010.0,340.5,0.5,0.131
1998,2,15,13,30,967,68,577,-15,-1,1010.0,332.40000000000003,0.5,0.131
1998,2,15,14,30,915,62,461,-14,-1,1010.0,325.1,0.4,0.131
1998,2,15,15,30,820,51,301,-13,-2,1010.0,324.40000000000003,0.30000000000000004,0.131
1998,2,15,16,30,604,34,120,-9,-4,1010.0,330.40000000000003,0.2,0.131
1998,2,15,17,30,0,0,0,-9,-6,1010.0,338.3,0.2,0.131
1998,2,15,18,30,0,0,0,-10,-7,1010.0,343.6,0.2,0.131
1998,2,15,19,30,0,0,0,-11,-8,1020.0,350.5,0.2,0.131
1998,2,15,20,30,0,0,0,-11,-8,1020.0,355.6,0.2,0.131
1998,2,15,21,30,0,0,0,-12,-9,1020.0,353.6,0.2,0.131
1998,2,15,22,30,0,0,0,-12,-9,1020.0,355.5,0.30000000000000004,0.131
1998,2,15,23,30,0,0,0,-13,-9,1020.0,14.700000000000001,0.5,0.131
1998,2,16,0,30,0,0,0,-14,-9,1020.0,34.300000000000004,0.6000000000000001,0.131
1998,2,16,1,30,0,0,0,-15,-8,1020.0,41.400000000000006,0.6000000000000001,0.131
1998,2,16,2,30,0,0,0,-16,-8,1020.0,34.2,0.5,0.131
1998,2,16,3,30,0,0,0,-16,-8,1020.0,8.200000000000001,0.6000000000000001,0.131
1998,2,16,4,30,0,0,0,-17,-9,1020.0,13.100000000000001,0.7000000000000001,0.131
1998,2,16,5,30,0,0,0,-17,-10,1020.0,35.800000000000004,0.7000000000000001,0.131
1998,2,16,6,30,0,0,0,-17,-9,1020.0,47.900000000000006,0.5,0.131
1998,2,16,7,30,516,33,97,-15,-7,1020.0,64.9,0.2,0.131
1998,2,16,8,30,768,56,278,-16,-4,1020.0,71.3,0.0,0.131
1998,2,16,9,30,875,69,440,-16,-1,1020.0,55.0,0.0,0.131
1998,2,16,10,30,559,159,450,-15,0,1020.0,186.10000000000002,0.2,0.131
1998,2,16,11,30,509,198,490,-13,1,1020.0,195.60000000000002,0.30000000000000004,0.131
1998,2,16,12,30,378,235,454,-10,2,1020.0,197.4,0.4,0.131
1998,2,16,13,30,284,229,380,-9,2,1010.0,197.3,0.30000000000000004,0.131
1998,2,16,14,30,193,189,274,-7,1,1010.0,197.0,0.30000000000000004,0.131
1998,2,16,15,30,230,120,191,-5,0,1010.0,195.3,0.2,0.131
1998,2,16,16,30,205,53,84,-3,-1,1020.0,195.9,0.2,0.131
1998,2,16,17,30,0,0,0,-5,-3,1020.0,198.4,0.2,0.131
1998,2,16,18,30,0,0,0,-5,-3,1020.0,199.8,0.2,0.131
1998,2,16,19,30,0,0,0,-6,-4,1010.0,190.5,0.4,0.131
1998,2,16,20,30,0,0,0,-7,-4,1010.0,178.0,0.4,0.131
1998,2,16,21,30,0,0,0,-7,-5,1010.0,179.4,0.2,0.131
1998,2,16,22,30,0,0,0,-7,-5,1010.0,183.9,0.2,0.131
1998,2,16,23,30,0,0,0,-7,-5,1010.0,189.4,0.30000000000000004,0.131
1998,2,17,0,30,0,0,0,-7,-4,1010.0,187.3,0.6000000000000001,0.131
1998,2,17,1,30,0,0,0,-7,-3,1010.0,168.4,0.7000000000000001,0.131
1998,2,17,2,30,0,0,0,-7,-3,1010.0,147.4,0.7000000000000001,0.131
1998,2,17,3,30,0,0,0,-7,-3,1010.0,117.9,0.7000000000000001,0.131
1998,2,17,4,30,0,0,0,-7,-4,1010.0,108.2,0.7000000000000001,0.131
1998,2,17,5,30,0,0,0,-7,-5,1010.0,106.2,0.6000000000000001,0.131
1998,2,17,6,30,0,0,0,-7,-4,1010.0,97.4,0.4,0.131
1998,2,17,7,30,36,44,49,-5,-3,1010.0,95.80000000000001,0.30000000000000004,0.131
1998,2,17,8,30,3,104,105,-4,-1,1010.0,86.60000000000001,0.4,0.131
1998,2,17,9,30,72,181,212,-2,0,1010.0,84.7,0.4,0.131
1998,2,17,10,30,51,222,249,-2,1,1010.0,94.2,0.5,0.131
1998,2,17,11,30,40,240,263,-1,2,1010.0,91.60000000000001,0.6000000000000001,0.131
1998,2,17,12,30,12,206,213,-1,2,1010.0,87.9,0.6000000000000001,0.131
1998,2,17,13,30,0,134,134,0,2,1010.0,92.9,0.5,0.131
1998,2,17,14,30,0,55,55,0,1,1010.0,88.60000000000001,0.5,0.131
1998,2,17,15,30,0,38,38,0,0,1010.0,80.5,0.6000000000000001,0.131
1998,2,17,16,30,0,12,12,0,0,1000.0,74.3,0.7000000000000001,0.131
1998,2,17,17,30,0,0,0,0,0,1000.0,72.9,0.7000000000000001,0.131
1998,2,17,18,30,0,0,0,-1,0,1000.0,71.0,0.8,0.131
1998,2,17,19,30,0,0,0,0,0,1000.0,70.7,0.9,0.131
1998,2,17,20,30,0,0,0,0,0,1000.0,73.2,0.9,0.131
1998,2,17,21,30,0,0,0,0,0,1000.0,76.3,1.0,0.131
1998,2,17,22,30,0,0,0,0,0,1000.0,80.4,1.0,0.131
1998,2,17,23,30,0,0,0,0,0,1000.0,83.30000000000001,1.0,0.131
1998,2,18,0,30,0,0,0,0,0,1000.0,82.9,1.0,0.131
1998,2,18,1,30,0,0,0,0,0,1000.0,82.30000000000001,1.0,0.131
1998,2,18,2,30,0,0,0,0,1,990.0,80.4,1.1,0.131
1998,2,18,3,30,0,0,0,0,1,990.0,76.5,1.1,0.131
1998,2,18,4,30,0,0,0,0,1,990.0,78.7,1.0,0.131
1998,2,18,5,30,0,0,0,0,1,990.0,81.80000000000001,0.9,0.131
1998,2,18,6,30,0,0,0,0,1,990.0,70.4,0.9,0.131
1998,2,18,7,30,172,46,69,1,1,990.0,70.0,0.8,0.131
1998,2,18,8,30,183,118,173,1,1,990.0,68.10000000000001,0.8,0.131
1998,2,18,9,30,0,127,127,1,2,990.0,67.5,0.7000000000000001,0.131
1998,2,18,10,30,0,95,95,2,2,990.0,67.4,0.6000000000000001,0.131
1998,2,18,11,30,0,115,115,2,2,990.0,61.400000000000006,0.6000000000000001,0.131
1998,2,18,12,30,0,117,117,2,3,990.0,55.7,0.6000000000000001,0.131
1998,2,18,13,30,796,114,545,2,2,990.0,48.0,0.5,0.131
1998,2,18,14,30,732,105,435,1,2,990.0,38.2,0.5,0.131
1998,2,18,15,30,636,83,285,1,1,990.0,29.400000000000002,0.5,0.131
1998,2,18,16,30,360,56,112,0,1,990.0,25.0,0.4,0.131
1998,2,18,17,30,0,0,0,0,1,990.0,20.3,0.4,0.131
1998,2,18,18,30,0,0,0,0,1,990.0,22.5,0.5,0.131
1998,2,18,19,30,0,0,0,0,1,990.0,24.8,0.4,0.131
1998,2,18,20,30,0,0,0,0,1,990.0,21.900000000000002,0.4,0.131
1998,2,18,21,30,0,0,0,0,1,990.0,15.9,0.4,0.131
1998,2,18,22,30,0,0,0,0,0,990.0,14.200000000000001,0.30000000000000004,0.131
1998,2,18,23,30,0,0,0,0,0,990.0,10.0,0.30000000000000004,0.131
1998,2,19,0,30,0,0,0,0,0,990.0,12.5,0.4,0.131
1998,2,19,1,30,0,0,0,0,0,990.0,14.200000000000001,0.30000000000000004,0.131
1998,2,19,2,30,0,0,0,0,0,990.0,13.600000000000001,0.30000000000000004,0.131
1998,2,19,3,30,0,0,0,0,0,990.0,14.9,0.30000000000000004,0.131
1998,2,19,4,30,0,0,0,0,0,990.0,12.100000000000001,0.2,0.131
1998,2,19,5,30,0,0,0,0,0,990.0,3.7,0.2,0.131
1998,2,19,6,30,0,0,0,0,0,990.0,353.40000000000003,0.2,0.131
1998,2,19,7,30,0,8,8,0,0,990.0,341.70000000000005,0.2,0.131
1998,2,19,8,30,0,15,15,0,1,990.0,334.6,0.2,0.131
1998,2,19,9,30,0,27,27,0,1,990.0,339.3,0.2,0.131
1998,2,19,10,30,22,209,221,1,2,990.0,331.6,0.2,0.131
1998,2,19,11,30,26,230,245,1,2,990.0,301.90000000000003,0.30000000000000004,0.131
1998,2,19,12,30,0,163,163,1,3,990.0,286.7,0.30000000000000004,0.131
1998,2,19,13,30,0,146,146,1,3,990.0,283.40000000000003,0.30000000000000004,0.131
1998,2,19,14,30,196,198,287,2,3,990.0,280.8,0.30000000000000004,0.131
1998,2,19,15,30,439,126,267,1,2,990.0,272.5,0.2,0.131
1998,2,19,16,30,244,67,106,0,0,990.0,267.3,0.2,0.131
1998,2,19,17,30,0,0,0,0,0,990.0,275.5,0.30000000000000004,0.131
1998,2,19,18,30,0,0,0,0,0,990.0,280.8,0.30000000000000004,0.131
1998,2,19,19,30,0,0,0,0,0,990.0,282.8,0.30000000000000004,0.131
1998,2,19,20,30,0,0,0,0,0,990.0,279.5,0.4,0.131
1998,2,19,21,30,0,0,0,0,0,990.0,275.40000000000003,0.4,0.131
1998,2,19,22,30,0,0,0,0,0,990.0,271.3,0.4,0.131
1998,2,19,23,30,0,0,0,0,0,990.0,272.1,0.30000000000000004,0.131
1998,2,20,0,30,0,0,0,-1,0,990.0,280.40000000000003,0.30000000000000004,0.131
1998,2,20,1,30,0,0,0,-1,0,990.0,294.8,0.30000000000000004,0.131
1998,2,20,2,30,0,0,0,-1,-1,990.0,305.0,0.30000000000000004,0.131
1998,2,20,3,30,0,0,0,-1,-1,990.0,284.40000000000003,0.30000000000000004,0.131
1998,2,20,4,30,0,0,0,-1,-1,990.0,269.90000000000003,0.30000000000000004,0.131
1998,2,20,5,30,0,0,0,-1,-1,990.0,296.90000000000003,0.30000000000000004,0.131
1998,2,20,6,30,0,0,0,-1,0,990.0,287.7,0.30000000000000004,0.131
1998,2,20,7,30,1,48,48,0,1,990.0,279.6,0.30000000000000004,0.131
1998,2,20,8,30,617,82,272,0,3,990.0,311.70000000000005,0.30000000000000004,0.131
1998,2,20,9,30,733,103,429,1,5,990.0,320.40000000000003,0.4,0.131
1998,2,20,10,30,127,248,317,2,6,990.0,320.90000000000003,0.30000000000000004,0.131
1998,2,20,11,30,22,226,239,2,7,990.0,298.7,0.30000000000000004,0.131
1998,2,20,12,30,0,159,159,2,7,990.0,236.8,0.30000000000000004,0.131
1998,2,20,13,30,0,120,120,3,7,990.0,264.0,0.30000000000000004,0.131
1998,2,20,14,30,17,170,179,3,6,990.0,289.3,0.2,0.131
1998,2,20,15,30,268,125,213,4,4,990.0,277.0,0.4,0.131
1998,2,20,16,30,249,69,110,2,2,990.0,267.0,0.6000000000000001,0.131
1998,2,20,17,30,0,0,0,1,1,990.0,287.0,0.4,0.131
1998,2,20,18,30,0,0,0,1,1,980.0,308.70000000000005,0.2,0.131
1998,2,20,19,30,0,0,0,0,1,980.0,311.6,0.30000000000000004,0.131
1998,2,20,20,30,0,0,0,0,1,980.0,305.8,0.30000000000000004,0.131
1998,2,20,21,30,0,0,0,0,1,980.0,296.7,0.30000000000000004,0.131
1998,2,20,22,30,0,0,0,0,1,980.0,288.1,0.4,0.131
1998,2,20,23,30,0,0,0,0,0,980.0,283.6,0.4,0.131
1998,2,21,0,30,0,0,0,0,0,980.0,282.6,0.4,0.131
1998,2,21,1,30,0,0,0,0,0,980.0,281.90000000000003,0.4,0.131
1998,2,21,2,30,0,0,0,0,0,980.0,281.0,0.4,0.131
1998,2,21,3,30,0,0,0,-1,0,980.0,280.1,0.4,0.131
1998,2,21,4,30,0,0,0,-1,0,980.0,277.7,0.4,0.131
1998,2,21,5,30,0,0,0,-1,0,980.0,275.40000000000003,0.4,0.131
1998,2,21,6,30,0,0,0,-1,0,990.0,273.6,0.4,0.131
1998,2,21,7,30,0,43,43,0,1,990.0,281.6,0.6000000000000001,0.131
1998,2,21,8,30,0,33,33,0,2,990.0,298.1,0.7000000000000001,0.131
1998,2,21,9,30,156,197,267,0,3,990.0,305.3,0.8,0.131
1998,2,21,10,30,59,236,268,0,4,990.0,308.1,0.9,0.131
1998,2,21,11,30,21,227,240,0,4,990.0,309.20000000000005,0.9,0.131
1998,2,21,12,30,13,212,221,0,4,990.0,310.0,0.9,0.131
1998,2,21,13,30,143,257,336,0,4,990.0,309.70000000000005,0.8,0.131
1998,2,21,14,30,274,194,321,0,3,990.0,308.3,0.7000000000000001,0.131
1998,2,21,15,30,0,82,82,0,2,990.0,305.40000000000003,0.7000000000000001,0.131
1998,2,21,16,30,546,42,134,0,1,990.0,302.3,0.7000000000000001,0.131
1998,2,21,17,30,0,0,0,0,0,990.0,301.6,0.7000000000000001,0.131
1998,2,21,18,30,0,0,0,0,0,990.0,303.1,0.7000000000000001,0.131
1998,2,21,19,30,0,0,0,-1,0,990.0,305.6,0.7000000000000001,0.131
1998,2,21,20,30,0,0,0,-1,0,990.0,307.40000000000003,0.6000000000000001,0.131
1998,2,21,21,30,0,0,0,-1,0,990.0,308.40000000000003,0.6000000000000001,0.131
1998,2,21,22,30,0,0,0,-1,0,990.0,308.3,0.5,0.131
1998,2,21,23,30,0,0,0,-2,0,990.0,305.90000000000003,0.4,0.131
1998,2,22,0,30,0,0,0,-2,-1,990.0,302.5,0.30000000000000004,0.131
1998,2,22,1,30,0,0,0,-2,-1,1000.0,297.7,0.30000000000000004,0.131
1998,2,22,2,30,0,0,0,-2,-2,1000.0,293.5,0.30000000000000004,0.131
1998,2,22,3,30,0,0,0,-2,-2,1000.0,295.3,0.30000000000000004,0.131
1998,2,22,4,30,0,0,0,-2,-2,1000.0,299.5,0.30000000000000004,0.131
1998,2,22,5,30,0,0,0,-3,-2,1000.0,302.7,0.30000000000000004,0.131
1998,2,22,6,30,0,0,0,-2,-1,1000.0,304.7,0.30000000000000004,0.131
1998,2,22,7,30,555,38,122,-2,1,1000.0,305.7,0.4,0.131
1998,2,22,8,30,277,119,207,-1,3,1000.0,327.3,0.5,0.131
1998,2,22,9,30,318,182,326,-1,4,1000.0,340.6,0.5,0.131
1998,2,22,10,30,935,73,589,-1,6,1000.0,340.1,0.4,0.131
1998,2,22,11,30,956,76,654,-1,7,1000.0,338.1,0.4,0.131
1998,2,22,12,30,953,77,656,-1,8,1000.0,337.70000000000005,0.4,0.131
1998,2,22,13,30,926,77,597,-1,8,1000.0,304.1,0.4,0.131
1998,2,22,14,30,882,70,483,0,7,1000.0,314.3,0.30000000000000004,0.131
1998,2,22,15,30,795,59,326,0,5,1000.0,332.70000000000005,0.30000000000000004,0.131
1998,2,22,16,30,600,40,143,1,2,1000.0,319.1,0.6000000000000001,0.131
1998,2,22,17,30,0,0,0,-1,0,1000.0,312.8,0.8,0.131
1998,2,22,18,30,0,0,0,-1,0,1000.0,320.6,0.6000000000000001,0.131
1998,2,22,19,30,0,0,0,-1,0,1000.0,330.5,0.4,0.131
1998,2,22,20,30,0,0,0,-2,-1,1000.0,334.5,0.30000000000000004,0.131
1998,2,22,21,30,0,0,0,-2,-1,1000.0,342.1,0.30000000000000004,0.131
1998,2,22,22,30,0,0,0,-2,-1,1000.0,355.20000000000005,0.30000000000000004,0.131
1998,2,22,23,30,0,0,0,-2,-1,1000.0,6.4,0.2,0.131
1998,2,23,0,30,0,0,0,-2,-2,1000.0,18.2,0.2,0.131
1998,2,23,1,30,0,0,0,-3,-2,1000.0,30.900000000000002,0.2,0.131
1998,2,23,2,30,0,0,0,-3,-2,1000.0,40.400000000000006,0.2,0.131
1998,2,23,3,30,0,0,0,-2,-1,1000.0,46.900000000000006,0.30000000000000004,0.131
1998,2,23,4,30,0,0,0,-2,-1,1000.0,49.1,0.30000000000000004,0.131
1998,2,23,5,30,0,0,0,-2,-1,1000.0,54.800000000000004,0.30000000000000004,0.131
1998,2,23,6,30,0,0,0,-2,0,1000.0,55.5,0.30000000000000004,0.131
1998,2,23,7,30,0,44,44,-1,0,1000.0,60.6,0.4,0.131
1998,2,23,8,30,0,88,88,0,1,1000.0,79.30000000000001,0.4,0.131
1998,2,23,9,30,0,129,129,0,2,1000.0,96.60000000000001,0.4,0.131
1998,2,23,10,30,3,175,176,0,3,1000.0,101.10000000000001,0.5,0.131
1998,2,23,11,30,148,287,377,1,4,1000.0,95.4,0.6000000000000001,0.131
1998,2,23,12,30,155,289,383,0,5,1000.0,90.60000000000001,0.6000000000000001,0.131
1998,2,23,13,30,55,243,274,1,4,1000.0,86.10000000000001,0.7000000000000001,0.131
1998,2,23,14,30,0,128,128,1,3,1000.0,77.5,0.6000000000000001,0.131
1998,2,23,15,30,0,97,97,1,2,1000.0,76.3,0.6000000000000001,0.131
1998,2,23,16,30,0,51,51,0,1,1000.0,75.5,0.6000000000000001,0.131
1998,2,23,17,30,0,0,0,0,1,1000.0,67.7,0.7000000000000001,0.131
1998,2,23,18,30,0,0,0,0,0,990.0,61.0,0.8,0.131
1998,2,23,19,30,0,0,0,0,0,990.0,55.800000000000004,0.8,0.866
1998,2,23,20,30,0,0,0,0,0,990.0,52.300000000000004,0.9,0.866
1998,2,23,21,30,0,0,0,0,0,990.0,49.0,0.9,0.866
1998,2,23,22,30,0,0,0,0,0,990.0,47.900000000000006,1.0,0.866
1998,2,23,23,30,0,0,0,0,0,990.0,45.0,1.0,0.866
1998,2,24,0,30,0,0,0,0,0,990.0,43.7,1.1,0.866
1998,2,24,1,30,0,0,0,0,0,990.0,43.400000000000006,1.1,0.866
1998,2,24,2,30,0,0,0,0,0,980.0,43.5,1.2000000000000002,0.866
1998,2,24,3,30,0,0,0,0,0,980.0,42.2,1.2000000000000002,0.866
1998,2,24,4,30,0,0,0,0,0,980.0,40.400000000000006,1.2000000000000002,0.866
1998,2,24,5,30,0,0,0,0,0,980.0,39.400000000000006,1.2000000000000002,0.866
1998,2,24,6,30,0,0,0,0,0,980.0,39.5,1.3,0.866
1998,2,24,7,30,0,39,39,0,1,980.0,38.300000000000004,1.3,0.866
1998,2,24,8,30,0,36,36,0,1,980.0,35.300000000000004,1.3,0.866
1998,2,24,9,30,0,94,94,0,1,980.0,32.4,1.2000000000000002,0.866
1998,2,24,10,30,2,170,172,0,1,970.0,29.8,1.2000000000000002,0.866
1998,2,24,11,30,23,235,249,0,2,970.0,25.8,1.1,0.866
1998,2,24,12,30,0,165,165,0,1,970.0,21.700000000000003,1.1,0.866
1998,2,24,13,30,11,198,205,0,1,970.0,19.0,1.1,0.866
1998,2,24,14,30,17,177,185,0,1,970.0,15.700000000000001,1.0,0.866
1998,2,24,15,30,11,125,129,0,1,970.0,12.200000000000001,1.0,0.866
1998,2,24,16,30,0,11,11,0,1,970.0,9.8,1.0,0.866
1998,2,24,17,30,0,0,0,0,1,970.0,6.2,0.9,0.866
1998,2,24,18,30,0,0,0,0,1,970.0,1.8,0.9,0.866
1998,2,24,19,30,0,0,0,0,1,970.0,1.0,0.9,0.866
1998,2,24,20,30,0,0,0,0,1,970.0,357.3,0.9,0.866
1998,2,24,21,30,0,0,0,0,1,970.0,352.40000000000003,0.9,0.866
1998,2,24,22,30,0,0,0,0,1,970.0,346.90000000000003,0.9,0.866
1998,2,24,23,30,0,0,0,0,1,970.0,342.40000000000003,0.9,0.866
1998,2,25,0,30,0,0,0,0,1,970.0,337.5,0.9,0.866
1998,2,25,1,30,0,0,0,0,1,970.0,333.5,0.9,0.866
1998,2,25,2,30,0,0,0,0,1,970.0,331.1,0.9,0.866
1998,2,25,3,30,0,0,0,0,1,970.0,328.40000000000003,0.9,0.866
1998,2,25,4,30,0,0,0,0,0,980.0,324.8,0.9,0.866
1998,2,25,5,30,0,0,0,0,0,980.0,321.6,0.9,0.866
1998,2,25,6,30,0,0,0,0,0,980.0,321.1,0.9,0.866
1998,2,25,7,30,55,60,70,0,0,980.0,322.90000000000003,0.9,0.866
1998,2,25,8,30,466,101,256,0,1,980.0,325.3,1.0,0.866
1998,2,25,9,30,394,177,362,0,2,980.0,327.90000000000003,1.0,0.866
1998,2,25,10,30,82,255,302,0,3,980.0,328.8,1.0,0.866
1998,2,25,11,30,144,294,383,0,4,980.0,328.1,1.1,0.866
1998,2,25,12,30,146,295,386,0,3,980.0,326.8,1.1,0.866
1998,2,25,13,30,276,256,416,0,2,980.0,326.3,1.0,0.866
1998,2,25,14,30,92,211,255,0,2,980.0,325.90000000000003,1.0,0.866
1998,2,25,15,30,332,128,243,0,2,980.0,324.70000000000005,1.0,0.866
1998,2,25,16,30,335,64,126,0,1,980.0,324.0,1.0,0.866
1998,2,25,17,30,0,0,0,0,1,980.0,324.40000000000003,1.0,0.866
1998,2,25,18,30,0,0,0,0,1,990.0,326.40000000000003,1.0,0.866
1998,2,25,19,30,0,0,0,0,1,990.0,328.8,1.0,0.132
1998,2,25,20,30,0,0,0,0,1,990.0,330.3,0.9,0.132
1998,2,25,21,30,0,0,0,0,1,990.0,329.8,0.9,0.132
1998,2,25,22,30,0,0,0,0,1,990.0,328.6,0.9,0.132
1998,2,25,23,30,0,0,0,0,1,990.0,328.40000000000003,0.9,0.132
1998,2,26,0,30,0,0,0,0,1,990.0,328.0,0.9,0.132
1998,2,26,1,30,0,0,0,0,1,990.0,326.6,0.9,0.132
1998,2,26,2,30,0,0,0,0,0,990.0,325.5,0.9,0.132
1998,2,26,3,30,0,0,0,-1,0,990.0,326.1,0.8,0.132
1998,2,26,4,30,0,0,0,-1,0,990.0,327.5,0.8,0.132
1998,2,26,5,30,0,0,0,-1,0,990.0,328.5,0.8,0.132
1998,2,26,6,30,0,0,0,-1,0,990.0,328.90000000000003,0.8,0.132
1998,2,26,7,30,594,41,143,-1,1,990.0,327.3,0.8,0.132
1998,2,26,8,30,794,62,330,0,3,990.0,326.40000000000003,0.9,0.132
1998,2,26,9,30,890,72,496,0,4,990.0,327.1,0.9,0.132
1998,2,26,10,30,939,78,616,0,5,990.0,325.3,1.0,0.132
1998,2,26,11,30,959,81,680,0,6,990.0,321.8,1.0,0.132
1998,2,26,12,30,958,81,682,1,6,990.0,320.5,1.0,0.132
1998,2,26,13,30,931,81,621,1,7,990.0,320.3,0.9,0.132
1998,2,26,14,30,873,79,504,1,6,990.0,320.20000000000005,0.8,0.132
1998,2,26,15,30,750,74,339,2,5,990.0,319.3,0.8,0.132
1998,2,26,16,30,575,49,157,1,4,990.0,317.5,0.7000000000000001,0.132
1998,2,26,17,30,0,0,0,1,2,990.0,315.6,0.7000000000000001,0.132
1998,2,26,18,30,0,0,0,1,2,990.0,315.1,0.7000000000000001,0.132
1998,2,26,19,30,0,0,0,0,1,990.0,317.3,0.6000000000000001,0.132
1998,2,26,20,30,0,0,0,0,0,990.0,320.70000000000005,0.6000000000000001,0.132
1998,2,26,21,30,0,0,0,0,0,990.0,322.40000000000003,0.6000000000000001,0.132
1998,2,26,22,30,0,0,0,-1,0,990.0,321.40000000000003,0.5,0.132
1998,2,26,23,30,0,0,0,-1,0,990.0,320.8,0.5,0.132
1998,2,27,0,30,0,0,0,-1,0,990.0,321.90000000000003,0.5,0.132
1998,2,27,1,30,0,0,0,-2,0,990.0,318.70000000000005,0.4,0.132
1998,2,27,2,30,0,0,0,-2,-1,990.0,310.40000000000003,0.4,0.132
1998,2,27,3,30,0,0,0,-2,-1,990.0,300.1,0.4,0.132
1998,2,27,4,30,0,0,0,-2,-1,990.0,300.8,0.4,0.132
1998,2,27,5,30,0,0,0,-2,-1,990.0,305.90000000000003,0.4,0.132
1998,2,27,6,30,0,0,0,-3,0,990.0,308.5,0.4,0.132
1998,2,27,7,30,613,39,147,-2,1,990.0,314.6,0.5,0.132
1998,2,27,8,30,808,55,333,-1,3,990.0,329.70000000000005,0.6000000000000001,0.132
1998,2,27,9,30,896,64,495,0,5,990.0,335.5,0.6000000000000001,0.132
1998,2,27,10,30,940,70,613,0,7,990.0,341.90000000000003,0.6000000000000001,0.132
1998,2,27,11,30,957,73,676,1,8,990.0,349.5,0.5,0.132
1998,2,27,12,30,954,74,678,2,9,990.0,354.90000000000003,0.4,0.132
1998,2,27,13,30,929,74,617,3,10,990.0,351.20000000000005,0.30000000000000004,0.132
1998,2,27,14,30,880,69,502,3,10,990.0,337.1,0.2,0.132
1998,2,27,15,30,792,60,343,4,9,990.0,333.1,0.2,0.132
1998,2,27,16,30,612,43,161,5,7,990.0,337.5,0.6000000000000001,0.132
1998,2,27,17,30,0,0,0,2,5,990.0,353.1,0.9,0.132
1998,2,27,18,30,0,0,0,1,3,990.0,15.3,0.9,0.132
1998,2,27,19,30,0,0,0,0,1,990.0,29.1,0.8,0.132
1998,2,27,20,30,0,0,0,0,0,990.0,38.6,0.8,0.132
1998,2,27,21,30,0,0,0,0,0,990.0,47.2,0.8,0.132
1998,2,27,22,30,0,0,0,0,0,990.0,50.300000000000004,0.8,0.132
1998,2,27,23,30,0,0,0,0,0,990.0,49.300000000000004,0.7000000000000001,0.132
1998,2,28,0,30,0,0,0,-1,0,990.0,50.5,0.6000000000000001,0.132
1998,2,28,1,30,0,0,0,-1,0,990.0,52.900000000000006,0.5,0.132
1998,2,28,2,30,0,0,0,-1,-1,990.0,57.800000000000004,0.30000000000000004,0.132
1998,2,28,3,30,0,0,0,-1,0,1000.0,63.0,0.2,0.132
1998,2,28,4,30,0,0,0,0,0,1000.0,67.2,0.2,0.132
1998,2,28,5,30,0,0,0,0,0,1000.0,70.9,0.2,0.132
1998,2,28,6,30,0,0,0,0,0,1000.0,70.2,0.2,0.132
1998,2,28,7,30,499,50,140,0,2,1000.0,71.2,0.1,0.132
1998,2,28,8,30,693,77,319,2,4,1000.0,82.60000000000001,0.2,0.132
1998,2,28,9,30,791,92,477,3,7,1000.0,60.300000000000004,0.2,0.132
1998,2,28,10,30,824,108,589,3,10,1000.0,95.30000000000001,0.2,0.132
1998,2,28,11,30,305,284,478,3,11,1000.0,159.0,0.2,0.132
1998,2,28,12,30,240,297,450,3,11,1000.0,153.3,0.2,0.132
1998,2,28,13,30,159,275,369,4,10,1000.0,176.20000000000002,0.2,0.132
1998,2,28,14,30,697,125,471,6,9,990.0,161.10000000000002,0.2,0.132
1998,2,28,15,30,140,151,202,6,8,990.0,122.4,0.1,0.132
1998,2,28,16,30,0,34,34,4,6,990.0,95.9,0.1,0.132
1998,2,28,17,30,0,0,0,4,4,990.0,108.10000000000001,0.2,0.132
1998,2,28,18,30,0,0,0,4,4,990.0,120.7,0.2,0.132
2000,2,28,19,30,0,0,0,-2,0,1000.0,340.6,0.4,0.132
2000,2,28,20,30,0,0,0,-2,0,1000.0,342.40000000000003,0.30000000000000004,0.132
2000,2,28,21,30,0,0,0,-3,-1,1000.0,343.8,0.30000000000000004,0.132
2000,2,28,22,30,0,0,0,-3,-2,1000.0,343.6,0.30000000000000004,0.132
2000,2,28,23,30,0,0,0,-4,-2,1000.0,343.1,0.30000000000000004,0.132
2000,3,1,0,30,0,0,0,-4,-2,1000.0,341.90000000000003,0.30000000000000004,0.132
2000,3,1,1,30,0,0,0,-4,-2,1000.0,341.20000000000005,0.2,0.132
2000,3,1,2,30,0,0,0,-4,-3,1000.0,343.5,0.2,0.132
2000,3,1,3,30,0,0,0,-4,-3,1000.0,343.90000000000003,0.2,0.132
2000,3,1,4,30,0,0,0,-4,-2,1000.0,342.40000000000003,0.2,0.132
2000,3,1,5,30,0,0,0,-4,-2,1000.0,345.40000000000003,0.2,0.132
2000,3,1,6,30,0,0,0,-4,-1,1000.0,357.40000000000003,0.2,0.132
2000,3,1,7,30,417,53,132,-4,2,1000.0,10.600000000000001,0.1,0.132
2000,3,1,8,30,247,140,229,-3,5,1000.0,82.10000000000001,0.1,0.132
2000,3,1,9,30,394,187,381,-2,7,1000.0,160.9,0.2,0.132
2000,3,1,10,30,300,259,437,-1,8,1000.0,174.8,0.2,0.132
2000,3,1,11,30,408,263,526,0,8,1000.0,181.60000000000002,0.30000000000000004,0.132
2000,3,1,12,30,634,184,593,0,8,1000.0,180.8,0.30000000000000004,0.132
2000,3,1,13,30,301,262,442,0,7,1000.0,178.3,0.30000000000000004,0.132
2000,3,1,14,30,64,214,247,1,7,990.0,180.20000000000002,0.30000000000000004,0.132
2000,3,1,15,30,142,154,206,2,5,990.0,177.70000000000002,0.2,0.132
2000,3,1,16,30,51,75,86,2,3,990.0,169.10000000000002,0.2,0.132
2000,3,1,17,30,0,5,5,1,2,990.0,177.70000000000002,0.2,0.132
2000,3,1,18,30,0,0,0,0,1,990.0,182.4,0.30000000000000004,0.132
2000,3,1,19,30,0,0,0,0,0,990.0,182.3,0.30000000000000004,0.132
2000,3,1,20,30,0,0,0,0,0,990.0,185.5,0.30000000000000004,0.132
2000,3,1,21,30,0,0,0,0,0,990.0,190.0,0.2,0.132
2000,3,1,22,30,0,0,0,0,0,990.0,190.5,0.2,0.132
2000,3,1,23,30,0,0,0,0,0,990.0,192.70000000000002,0.2,0.132
2000,3,2,0,30,0,0,0,0,0,990.0,220.3,0.2,0.132
2000,3,2,1,30,0,0,0,0,0,990.0,268.6,0.2,0.132
2000,3,2,2,30,0,0,0,0,0,990.0,290.2,0.30000000000000004,0.132
2000,3,2,3,30,0,0,0,0,0,990.0,296.6,0.30000000000000004,0.132
2000,3,2,4,30,0,0,0,0,0,990.0,293.8,0.30000000000000004,0.132
2000,3,2,5,30,0,0,0,-1,0,990.0,285.2,0.30000000000000004,0.132
2000,3,2,6,30,0,0,0,-1,0,990.0,282.6,0.30000000000000004,0.132
2000,3,2,7,30,601,47,164,0,2,990.0,281.5,0.5,0.132
2000,3,2,8,30,785,67,351,0,4,990.0,285.5,0.6000000000000001,0.132
2000,3,2,9,30,14,180,188,0,5,990.0,292.2,0.7000000000000001,0.132
2000,3,2,10,30,186,278,390,-1,6,990.0,294.8,0.7000000000000001,0.132
2000,3,2,11,30,1,172,173,-1,6,980.0,291.2,0.7000000000000001,0.132
2000,3,2,12,30,7,203,208,-1,6,980.0,287.90000000000003,0.8,0.132
2000,3,2,13,30,0,116,116,-1,5,980.0,287.40000000000003,0.8,0.132
2000,3,2,14,30,252,220,348,-1,4,980.0,290.1,0.8,0.132
2000,3,2,15,30,67,152,178,-2,2,980.0,294.7,0.8,0.132
2000,3,2,16,30,9,73,75,-3,1,990.0,298.1,0.7000000000000001,0.132
2000,3,2,17,30,0,5,5,-4,0,990.0,298.5,0.7000000000000001,0.132
2000,3,2,18,30,0,0,0,-4,0,990.0,298.6,0.7000000000000001,0.132
2000,3,2,19,30,0,0,0,-4,0,990.0,299.90000000000003,0.7000000000000001,0.132
2000,3,2,20,30,0,0,0,-4,0,990.0,301.7,0.7000000000000001,0.132
2000,3,2,21,30,0,0,0,-3,-1,990.0,303.2,0.7000000000000001,0.132
2000,3,2,22,30,0,0,0,-3,-1,990.0,303.5,0.7000000000000001,0.132
2000,3,2,23,30,0,0,0,-3,-1,990.0,303.90000000000003,0.7000000000000001,0.132
2000,3,3,0,30,0,0,0,-3,-1,990.0,304.5,0.7000000000000001,0.132
2000,3,3,1,30,0,0,0,-3,-1,990.0,304.40000000000003,0.7000000000000001,0.132
2000,3,3,2,30,0,0,0,-4,-1,990.0,304.1,0.7000000000000001,0.132
2000,3,3,3,30,0,0,0,-4,-1,990.0,303.7,0.7000000000000001,0.132
2000,3,3,4,30,0,0,0,-5,-1,990.0,304.7,0.7000000000000001,0.132
2000,3,3,5,30,0,0,0,-5,-2,990.0,306.90000000000003,0.7000000000000001,0.132
2000,3,3,6,30,0,0,0,-5,-1,990.0,309.20000000000005,0.7000000000000001,0.132
2000,3,3,7,30,220,71,115,-4,0,990.0,312.0,0.7000000000000001,0.132
2000,3,3,8,30,96,152,188,-4,1,990.0,314.0,0.8,0.132
2000,3,3,9,30,411,189,397,-4,2,990.0,313.1,0.8,0.132
2000,3,3,10,30,159,282,378,-3,3,990.0,311.6,0.9,0.132
2000,3,3,11,30,143,312,406,-3,4,990.0,310.5,0.9,0.132
2000,3,3,12,30,48,282,313,-3,4,990.0,309.8,1.0,0.132
2000,3,3,13,30,202,283,406,-2,4,990.0,309.70000000000005,1.0,0.132
2000,3,3,14,30,481,176,423,-3,3,990.0,311.0,0.9,0.132
2000,3,3,15,30,210,155,234,-3,2,990.0,313.0,0.9,0.132
2000,3,3,16,30,408,61,148,-3,1,990.0,314.40000000000003,0.8,0.132
2000,3,3,17,30,0,14,14,-4,0,990.0,314.40000000000003,0.8,0.132
2000,3,3,18,30,0,0,0,-4,0,990.0,314.20000000000005,0.8,0.132
2000,3,3,19,30,0,0,0,-4,0,990.0,315.0,0.8,0.132
2000,3,3,20,30,0,0,0,-5,0,990.0,316.20000000000005,0.8,0.132
2000,3,3,21,30,0,0,0,-5,0,990.0,316.70000000000005,0.7000000000000001,0.132
2000,3,3,22,30,0,0,0,-6,-1,990.0,316.1,0.7000000000000001,0.132
2000,3,3,23,30,0,0,0,-6,-1,990.0,314.20000000000005,0.7000000000000001,0.132
2000,3,4,0,30,0,0,0,-6,-2,990.0,312.0,0.7000000000000001,0.132
2000,3,4,1,30,0,0,0,-6,-2,990.0,311.20000000000005,0.6000000000000001,0.132
2000,3,4,2,30,0,0,0,-6,-2,990.0,310.70000000000005,0.6000000000000001,0.132
2000,3,4,3,30,0,0,0,-6,-2,990.0,309.6,0.6000000000000001,0.132
2000,3,4,4,30,0,0,0,-6,-2,990.0,307.8,0.6000000000000001,0.132
2000,3,4,5,30,0,0,0,-6,-2,990.0,307.5,0.6000000000000001,0.132
2000,3,4,6,30,204,10,14,-6,-1,990.0,311.70000000000005,0.6000000000000001,0.132
2000,3,4,7,30,674,41,180,-6,0,990.0,318.8,0.6000000000000001,0.132
2000,3,4,8,30,840,57,370,-6,2,990.0,325.20000000000005,0.7000000000000001,0.132
2000,3,4,9,30,387,197,394,-5,4,990.0,323.40000000000003,0.7000000000000001,0.132
2000,3,4,10,30,952,74,653,-4,5,990.0,316.70000000000005,0.6000000000000001,0.132
2000,3,4,11,30,972,77,717,-4,6,990.0,310.6,0.6000000000000001,0.132
2000,3,4,12,30,977,77,721,-4,7,990.0,304.5,0.6000000000000001,0.132
2000,3,4,13,30,961,75,663,-4,7,990.0,301.8,0.6000000000000001,0.132
2000,3,4,14,30,922,70,546,-3,6,990.0,300.90000000000003,0.5,0.132
2000,3,4,15,30,840,61,382,-3,5,990.0,300.3,0.4,0.132
2000,3,4,16,30,663,47,190,-2,2,990.0,298.8,0.2,0.132
2000,3,4,17,30,188,13,19,-2,0,990.0,294.6,0.2,0.132
2000,3,4,18,30,0,0,0,-2,0,990.0,294.90000000000003,0.30000000000000004,0.132
2000,3,4,19,30,0,0,0,-2,0,990.0,296.3,0.30000000000000004,0.132
2000,3,4,20,30,0,0,0,-2,0,990.0,297.2,0.30000000000000004,0.132
2000,3,4,21,30,0,0,0,-2,0,990.0,297.8,0.2,0.132
2000,3,4,22,30,0,0,0,-2,0,990.0,297.8,0.2,0.132
2000,3,4,23,30,0,0,0,-2,0,990.0,294.2,0.2,0.132
2000,3,5,0,30,0,0,0,-2,0,990.0,287.0,0.2,0.132
2000,3,5,1,30,0,0,0,-2,-1,990.0,277.7,0.2,0.132
2000,3,5,2,30,0,0,0,-2,-1,990.0,268.90000000000003,0.2,0.132
2000,3,5,3,30,0,0,0,-2,-1,990.0,265.1,0.2,0.132
2000,3,5,4,30,0,0,0,-2,0,990.0,266.8,0.30000000000000004,0.132
2000,3,5,5,30,0,0,0,-2,0,990.0,273.3,0.30000000000000004,0.132
2000,3,5,6,30,0,13,13,-1,0,990.0,280.3,0.30000000000000004,0.132
2000,3,5,7,30,502,64,170,-1,2,990.0,288.90000000000003,0.5,0.132
2000,3,5,8,30,740,82,362,0,5,990.0,309.40000000000003,0.6000000000000001,0.132
2000,3,5,9,30,865,85,531,0,6,990.0,319.6,0.7000000000000001,0.132
2000,3,5,10,30,125,286,363,-1,7,990.0,320.20000000000005,0.8,0.132
2000,3,5,11,30,5,195,198,-1,7,990.0,319.90000000000003,0.8,0.132
2000,3,5,12,30,0,142,142,-1,7,990.0,319.3,0.8,0.132
2000,3,5,13,30,367,259,485,0,6,990.0,318.70000000000005,0.7000000000000001,0.132
2000,3,5,14,30,465,184,427,0,6,990.0,316.8,0.7000000000000001,0.132
2000,3,5,15,30,0,106,106,0,5,990.0,315.0,0.6000000000000001,0.132
2000,3,5,16,30,0,6,6,0,4,990.0,313.0,0.5,0.132
2000,3,5,17,30,0,0,0,0,2,990.0,311.40000000000003,0.5,0.132
2000,3,5,18,30,0,0,0,0,2,990.0,311.40000000000003,0.5,0.132
2000,3,5,19,30,0,0,0,0,1,990.0,311.70000000000005,0.5,0.132
2000,3,5,20,30,0,0,0,0,0,990.0,312.3,0.5,0.132
2000,3,5,21,30,0,0,0,0,0,990.0,313.40000000000003,0.4,0.132
2000,3,5,22,30,0,0,0,-1,0,990.0,310.90000000000003,0.4,0.132
2000,3,5,23,30,0,0,0,-1,0,990.0,309.3,0.4,0.132
2000,3,6,0,30,0,0,0,-1,0,990.0,309.20000000000005,0.4,0.132
2000,3,6,1,30,0,0,0,-2,0,1000.0,312.0,0.4,0.132
2000,3,6,2,30,0,0,0,-2,-1,1000.0,312.70000000000005,0.30000000000000004,0.132
2000,3,6,3,30,0,0,0,-2,-1,1000.0,311.5,0.30000000000000004,0.132
2000,3,6,4,30,0,0,0,-3,-2,1000.0,308.40000000000003,0.30000000000000004,0.132
2000,3,6,5,30,0,0,0,-3,-2,1000.0,303.3,0.30000000000000004,0.132
2000,3,6,6,30,198,13,19,-3,-1,1000.0,301.0,0.4,0.132
2000,3,6,7,30,663,48,191,-3,1,1000.0,307.0,0.5,0.132
2000,3,6,8,30,835,64,385,-3,3,1000.0,325.40000000000003,0.6000000000000001,0.132
2000,3,6,9,30,917,74,552,-4,4,1000.0,328.70000000000005,0.7000000000000001,0.132
2000,3,6,10,30,957,81,672,-4,5,1000.0,329.40000000000003,0.7000000000000001,0.132
2000,3,6,11,30,974,85,736,-4,6,1000.0,330.3,0.8,0.132
2000,3,6,12,30,964,90,736,-3,7,1000.0,330.8,0.8,0.132
2000,3,6,13,30,935,92,672,-3,7,1000.0,331.1,0.8,0.132
2000,3,6,14,30,885,87,552,-3,7,1000.0,331.8,0.7000000000000001,0.132
2000,3,6,15,30,802,75,388,-2,6,1000.0,332.20000000000005,0.6000000000000001,0.132
2000,3,6,16,30,638,54,197,-2,4,1000.0,331.40000000000003,0.5,0.132
2000,3,6,17,30,195,16,24,-2,2,1000.0,330.70000000000005,0.5,0.132
2000,3,6,18,30,0,0,0,-2,1,1000.0,333.0,0.4,0.132
2000,3,6,19,30,0,0,0,-2,0,1000.0,336.5,0.4,0.132
2000,3,6,20,30,0,0,0,-3,0,1000.0,338.6,0.30000000000000004,0.132
2000,3,6,21,30,0,0,0,-3,-1,1000.0,337.3,0.30000000000000004,0.132
2000,3,6,22,30,0,0,0,-3,-2,1000.0,333.20000000000005,0.2,0.132
2000,3,6,23,30,0,0,0,-3,-2,1000.0,328.8,0.2,0.132
2000,3,7,0,30,0,0,0,-4,-3,1010.0,327.0,0.2,0.132
2000,3,7,1,30,0,0,0,-4,-3,1010.0,326.1,0.2,0.132
2000,3,7,2,30,0,0,0,-4,-3,1010.0,322.40000000000003,0.2,0.132
2000,3,7,3,30,0,0,0,-4,-2,1010.0,315.6,0.2,0.132
2000,3,7,4,30,0,0,0,-4,-2,1010.0,308.0,0.2,0.132
2000,3,7,5,30,0,0,0,-4,-1,1010.0,296.8,0.2,0.132
2000,3,7,6,30,0,15,15,-3,0,1010.0,285.7,0.2,0.132
2000,3,7,7,30,579,56,185,-3,2,1010.0,269.40000000000003,0.30000000000000004,0.132
2000,3,7,8,30,402,134,290,-2,5,1000.0,247.20000000000002,0.4,0.132
2000,3,7,9,30,55,221,250,-2,8,1000.0,251.20000000000002,0.5,0.132
2000,3,7,10,30,107,289,356,-1,9,1000.0,252.20000000000002,0.5,0.132
2000,3,7,11,30,198,322,456,0,11,1000.0,251.70000000000002,0.5,0.132
2000,3,7,12,30,891,105,706,0,12,1000.0,253.3,0.5,0.132
2000,3,7,13,30,491,225,532,1,13,1000.0,255.0,0.5,0.132
2000,3,7,14,30,804,87,513,3,13,1000.0,256.3,0.4,0.132
2000,3,7,15,30,726,83,369,4,12,1000.0,251.5,0.30000000000000004,0.132
2000,3,7,16,30,5,80,81,5,8,1000.0,242.60000000000002,0.2,0.132
2000,3,7,17,30,103,17,21,4,5,1000.0,241.10000000000002,0.2,0.132
2000,3,7,18,30,0,0,0,3,5,1000.0,243.3,0.30000000000000004,0.132
2000,3,7,19,30,0,0,0,3,5,1000.0,249.0,0.30000000000000004,0.132
2000,3,7,20,30,0,0,0,4,6,1000.0,259.6,0.30000000000000004,0.132
2000,3,7,21,30,0,0,0,4,5,1000.0,276.5,0.2,0.132
2000,3,7,22,30,0,0,0,4,5,1000.0,292.40000000000003,0.30000000000000004,0.132
2000,3,7,23,30,0,0,0,4,5,1000.0,305.40000000000003,0.4,0.132
2000,3,8,0,30,0,0,0,4,5,1000.0,318.40000000000003,0.4,0.132
2000,3,8,1,30,0,0,0,4,5,1000.0,250.9,0.30000000000000004,0.132
2000,3,8,2,30,0,0,0,4,4,1000.0,246.5,0.2,0.132
2000,3,8,3,30,0,0,0,2,4,1000.0,315.0,0.30000000000000004,0.132
2000,3,8,4,30,0,0,0,2,3,1000.0,26.400000000000002,0.6000000000000001,0.132
2000,3,8,5,30,0,0,0,1,2,1000.0,36.1,0.6000000000000001,0.132
2000,3,8,6,30,51,15,17,2,3,1000.0,40.6,0.30000000000000004,0.132
2000,3,8,7,30,382,84,171,3,6,1000.0,58.2,0.2,0.132
2000,3,8,8,30,584,120,350,3,8,1000.0,79.0,0.2,0.132
2000,3,8,9,30,693,140,509,4,11,1000.0,106.7,0.30000000000000004,0.132
2000,3,8,10,30,623,211,603,4,14,1000.0,130.5,0.30000000000000004,0.132
2000,3,8,11,30,627,232,658,5,15,1000.0,145.20000000000002,0.2,0.132
2000,3,8,12,30,15,238,248,6,15,1000.0,155.0,0.2,0.132
2000,3,8,13,30,212,294,428,7,15,1000.0,158.10000000000002,0.2,0.132
2000,3,8,14,30,149,242,321,7,14,1000.0,159.3,0.30000000000000004,0.132
2000,3,8,15,30,44,158,176,8,13,1000.0,155.60000000000002,0.30000000000000004,0.132
2000,3,8,16,30,338,93,171,8,10,1000.0,154.3,0.30000000000000004,0.132
2000,3,8,17,30,51,17,19,6,8,1000.0,156.3,0.4,0.132
2000,3,8,18,30,0,0,0,4,6,1000.0,158.10000000000002,0.30000000000000004,0.132
2000,3,8,19,30,0,0,0,3,4,1000.0,162.70000000000002,0.30000000000000004,0.132
2000,3,8,20,30,0,0,0,2,3,1000.0,165.20000000000002,0.30000000000000004,0.132
2000,3,8,21,30,0,0,0,1,2,1000.0,167.10000000000002,0.30000000000000004,0.132
2000,3,8,22,30,0,0,0,0,2,1000.0,170.3,0.30000000000000004,0.132
2000,3,8,23,30,0,0,0,0,2,1000.0,176.70000000000002,0.4,0.132
2000,3,9,0,30,0,0,0,1,2,1000.0,181.0,0.30000000000000004,0.132
2000,3,9,1,30,0,0,0,1,2,1000.0,181.0,0.30000000000000004,0.132
2000,3,9,2,30,0,0,0,1,2,1000.0,181.70000000000002,0.30000000000000004,0.132
2000,3,9,3,30,0,0,0,2,2,990.0,187.8,0.30000000000000004,0.132
2000,3,9,4,30,0,0,0,2,2,990.0,195.3,0.30000000000000004,0.132
2000,3,9,5,30,0,0,0,2,3,990.0,191.5,0.30000000000000004,0.132
2000,3,9,6,30,0,4,4,2,3,990.0,189.5,0.4,0.132
2000,3,9,7,30,99,89,112,4,5,990.0,194.70000000000002,0.4,0.132
2000,3,9,8,30,14,145,151,5,8,990.0,196.10000000000002,0.4,0.132
2000,3,9,9,30,240,237,366,7,12,990.0,200.3,0.5,0.132
2000,3,9,10,30,470,237,535,9,15,990.0,203.9,0.5,0.132
2000,3,9,11,30,413,284,566,10,17,990.0,205.70000000000002,0.5,0.132
2000,3,9,12,30,540,234,604,11,18,990.0,207.9,0.5,0.132
2000,3,9,13,30,76,287,336,12,19,980.0,201.3,0.5,0.132
2000,3,9,14,30,1,166,167,12,18,980.0,197.9,0.4,0.132
2000,3,9,15,30,0,52,52,12,16,980.0,205.5,0.4,0.132
2000,3,9,16,30,119,90,118,11,14,980.0,202.9,0.4,0.132
2000,3,9,17,30,40,17,19,11,12,980.0,196.9,0.4,0.132
2000,3,9,18,30,0,0,0,9,11,980.0,200.4,0.4,0.132
2000,3,9,19,30,0,0,0,9,10,980.0,207.3,0.4,0.132
2000,3,9,20,30,0,0,0,9,10,980.0,218.0,0.4,0.132
2000,3,9,21,30,0,0,0,9,10,980.0,236.70000000000002,0.4,0.132
2000,3,9,22,30,0,0,0,9,11,990.0,269.6,0.4,0.132
2000,3,9,23,30,0,0,0,9,10,990.0,302.40000000000003,0.30000000000000004,0.132
2000,3,10,0,30,0,0,0,8,8,990.0,297.90000000000003,0.2,0.132
2000,3,10,1,30,0,0,0,7,8,990.0,281.5,0.4,0.132
2000,3,10,2,30,0,0,0,7,8,990.0,279.7,0.5,0.132
2000,3,10,3,30,0,0,0,6,7,990.0,297.40000000000003,0.6000000000000001,0.132
2000,3,10,4,30,0,0,0,4,4,990.0,324.8,0.7000000000000001,0.132
2000,3,10,5,30,0,0,0,1,2,990.0,334.5,0.6000000000000001,0.132
2000,3,10,6,30,158,21,29,-1,1,1000.0,336.6,0.6000000000000001,0.132
2000,3,10,7,30,0,50,50,-3,1,1000.0,341.90000000000003,0.6000000000000001,0.132
2000,3,10,8,30,67,167,194,-4,3,1000.0,345.0,0.6000000000000001,0.132
2000,3,10,9,30,264,236,379,-4,5,1000.0,344.70000000000005,0.6000000000000001,0.132
2000,3,10,10,30,224,298,441,-3,6,1000.0,348.5,0.5,0.132
2000,3,10,11,30,900,111,731,-3,7,1000.0,355.90000000000003,0.5,0.132
2000,3,10,12,30,884,118,727,-2,8,1000.0,4.5,0.4,0.132
2000,3,10,13,30,727,146,611,-2,8,1000.0,12.100000000000001,0.30000000000000004,0.132
2000,3,10,14,30,656,133,490,-2,8,1000.0,10.100000000000001,0.2,0.132
2000,3,10,15,30,343,151,291,-1,7,1000.0,2.3000000000000003,0.2,0.132
2000,3,10,16,30,0,80,80,0,5,1000.0,4.6000000000000005,0.30000000000000004,0.132
2000,3,10,17,30,0,11,11,0,3,1000.0,24.1,0.4,0.132
2000,3,10,18,30,0,0,0,0,2,1000.0,37.4,0.30000000000000004,0.132
2000,3,10,19,30,0,0,0,0,1,1000.0,62.300000000000004,0.30000000000000004,0.132
2000,3,10,20,30,0,0,0,0,1,1010.0,94.2,0.30000000000000004,0.132
2000,3,10,21,30,0,0,0,0,0,1010.0,120.4,0.30000000000000004,0.132
2000,3,10,22,30,0,0,0,0,0,1010.0,124.4,0.30000000000000004,0.132
2000,3,10,23,30,0,0,0,0,0,1010.0,120.60000000000001,0.30000000000000004,0.132
2000,3,11,0,30,0,0,0,0,0,1010.0,119.30000000000001,0.30000000000000004,0.132
2000,3,11,1,30,0,0,0,-1,0,1010.0,117.4,0.30000000000000004,0.132
2000,3,11,2,30,0,0,0,-1,0,1010.0,114.9,0.30000000000000004,0.132
2000,3,11,3,30,0,0,0,-1,0,1010.0,111.80000000000001,0.30000000000000004,0.132
2000,3,11,4,30,0,0,0,-2,-1,1010.0,109.7,0.30000000000000004,0.132
2000,3,11,5,30,0,0,0,-2,-1,1010.0,105.7,0.30000000000000004,0.132
2000,3,11,6,30,25,19,20,-2,0,1010.0,98.80000000000001,0.30000000000000004,0.132
2000,3,11,7,30,0,36,36,-2,0,1010.0,104.0,0.4,0.132
2000,3,11,8,30,0,122,122,-1,1,1010.0,106.7,0.4,0.132
2000,3,11,9,30,0,86,86,-1,1,1010.0,110.2,0.5,0.132
2000,3,11,10,30,0,110,110,0,2,1010.0,108.4,0.5,0.132
2000,3,11,11,30,29,276,297,0,2,1010.0,105.5,0.5,0.132
2000,3,11,12,30,4,189,191,0,2,1000.0,100.10000000000001,0.5,0.132
2000,3,11,13,30,0,136,136,0,1,1000.0,95.5,0.5,0.132
2000,3,11,14,30,0,129,129,0,1,1000.0,94.5,0.6000000000000001,0.132
2000,3,11,15,30,0,79,79,0,1,1000.0,88.4,0.6000000000000001,0.132
2000,3,11,16,30,0,64,64,0,0,1000.0,92.30000000000001,0.6000000000000001,0.132
2000,3,11,17,30,0,8,8,0,0,1000.0,97.5,0.6000000000000001,0.132
2000,3,11,18,30,0,0,0,0,0,1000.0,97.10000000000001,0.6000000000000001,0.132
2000,3,11,19,30,0,0,0,0,0,1000.0,96.30000000000001,0.5,0.132
2000,3,11,20,30,0,0,0,0,1,1000.0,94.4,0.30000000000000004,0.132
2000,3,11,21,30,0,0,0,0,1,990.0,80.80000000000001,0.30000000000000004,0.132
2000,3,11,22,30,0,0,0,1,1,990.0,67.2,0.30000000000000004,0.132
2000,3,11,23,30,0,0,0,1,1,990.0,76.80000000000001,0.30000000000000004,0.132
2000,3,12,0,30,0,0,0,1,1,990.0,93.5,0.2,0.132
2000,3,12,1,30,0,0,0,1,1,990.0,100.2,0.2,0.132
2000,3,12,2,30,0,0,0,1,1,990.0,131.3,0.2,0.132
2000,3,12,3,30,0,0,0,1,2,990.0,153.70000000000002,0.2,0.132
2000,3,12,4,30,0,0,0,2,3,990.0,172.0,0.30000000000000004,0.132
2000,3,12,5,30,0,0,0,2,4,980.0,181.10000000000002,0.30000000000000004,0.132
2000,3,12,6,30,0,5,5,2,4,980.0,182.8,0.30000000000000004,0.132
2000,3,12,7,30,0,34,34,4,4,980.0,190.8,0.4,0.132
2000,3,12,8,30,0,64,64,4,5,980.0,219.9,0.4,0.132
2000,3,12,9,30,0,81,81,4,5,980.0,254.70000000000002,0.4,0.132
2000,3,12,10,30,0,47,47,4,5,980.0,277.0,0.4,0.132
2000,3,12,11,30,4,188,192,4,5,980.0,294.40000000000003,0.5,0.132
2000,3,12,12,30,0,116,116,3,5,980.0,310.90000000000003,0.5,0.132
2000,3,12,13,30,0,121,121,2,4,980.0,315.40000000000003,0.6000000000000001,0.132
2000,3,12,14,30,22,208,221,1,3,980.0,314.70000000000005,0.7000000000000001,0.132
2000,3,12,15,30,4,142,144,0,2,990.0,314.40000000000003,0.6000000000000001,0.132
2000,3,12,16,30,0,58,58,0,1,990.0,311.8,0.6000000000000001,0.132
2000,3,12,17,30,104,25,31,0,1,990.0,314.20000000000005,0.6000000000000001,0.132
2000,3,12,18,30,0,0,0,0,0,990.0,319.20000000000005,0.7000000000000001,0.132
2000,3,12,19,30,0,0,0,-1,0,990.0,321.20000000000005,0.7000000000000001,0.134
2000,3,12,20,30,0,0,0,-1,0,990.0,319.6,0.7000000000000001,0.134
2000,3,12,21,30,0,0,0,-2,0,990.0,317.1,0.7000000000000001,0.134
2000,3,12,22,30,0,0,0,-2,-1,1000.0,315.3,0.7000000000000001,0.134
2000,3,12,23,30,0,0,0,-3,-1,1000.0,315.90000000000003,0.6000000000000001,0.134
2000,3,13,0,30,0,0,0,-4,-2,1000.0,316.3,0.6000000000000001,0.134
2000,3,13,1,30,0,0,0,-5,-3,1000.0,316.1,0.5,0.134
2000,3,13,2,30,0,0,0,-6,-3,1000.0,316.8,0.5,0.134
2000,3,13,3,30,0,0,0,-7,-4,1000.0,316.40000000000003,0.4,0.134
2000,3,13,4,30,0,0,0,-8,-5,1000.0,315.0,0.4,0.134
2000,3,13,5,30,0,0,0,-8,-5,1000.0,308.6,0.4,0.134
2000,3,13,6,30,40,24,27,-8,-3,1000.0,300.0,0.5,0.134
2000,3,13,7,30,703,58,237,-7,-1,1000.0,311.20000000000005,0.5,0.134
2000,3,13,8,30,854,75,435,-7,0,1010.0,323.20000000000005,0.6000000000000001,0.134
2000,3,13,9,30,928,86,604,-7,0,1010.0,322.8,0.7000000000000001,0.134
2000,3,13,10,30,485,239,556,-7,1,1010.0,321.6,0.7000000000000001,0.134
2000,3,13,11,30,515,250,613,-6,2,1010.0,321.20000000000005,0.7000000000000001,0.134
2000,3,13,12,30,975,96,782,-6,2,1010.0,319.90000000000003,0.6000000000000001,0.134
2000,3,13,13,30,957,92,716,-6,2,1010.0,318.1,0.6000000000000001,0.134
2000,3,13,14,30,915,85,593,-5,2,1010.0,317.6,0.5,0.134
2000,3,13,15,30,837,74,425,-5,1,1010.0,319.8,0.4,0.134
2000,3,13,16,30,683,57,229,-5,0,1010.0,323.0,0.30000000000000004,0.134
2000,3,13,17,30,294,24,42,-5,-3,1010.0,326.6,0.30000000000000004,0.134
2000,3,13,18,30,0,0,0,-7,-4,1010.0,330.90000000000003,0.4,0.134
2000,3,13,19,30,0,0,0,-7,-3,1010.0,337.1,0.6000000000000001,0.134
2000,3,13,20,30,0,0,0,-7,-2,1010.0,344.1,0.8,0.134
2000,3,13,21,30,0,0,0,-8,-1,1010.0,354.5,0.7000000000000001,0.134
2000,3,13,22,30,0,0,0,-8,-1,1010.0,25.700000000000003,0.6000000000000001,0.134
2000,3,13,23,30,0,0,0,-8,-2,1010.0,80.9,0.6000000000000001,0.134
2000,3,14,0,30,0,0,0,-7,-2,1010.0,116.10000000000001,0.6000000000000001,0.134
2000,3,14,1,30,0,0,0,-7,-3,1010.0,135.0,0.4,0.134
2000,3,14,2,30,0,0,0,-7,-4,1010.0,149.3,0.30000000000000004,0.134
2000,3,14,3,30,0,0,0,-7,-4,1010.0,157.20000000000002,0.30000000000000004,0.134
2000,3,14,4,30,0,0,0,-6,-4,1010.0,160.9,0.30000000000000004,0.134
2000,3,14,5,30,0,0,0,-6,-3,1010.0,162.5,0.30000000000000004,0.134
2000,3,14,6,30,166,30,42,-5,-1,1010.0,164.4,0.30000000000000004,0.134
2000,3,14,7,30,40,98,108,-3,1,1010.0,166.4,0.4,0.134
2000,3,14,8,30,330,163,304,0,4,1010.0,186.10000000000002,0.5,0.134
2000,3,14,9,30,744,140,560,0,6,1010.0,200.5,0.6000000000000001,0.134
2000,3,14,10,30,501,235,565,0,7,1010.0,205.9,0.6000000000000001,0.134
2000,3,14,11,30,853,139,744,1,7,1010.0,206.9,0.7000000000000001,0.134
2000,3,14,12,30,171,343,464,1,8,1010.0,206.70000000000002,0.7000000000000001,0.134
2000,3,14,13,30,380,275,525,1,7,1010.0,205.60000000000002,0.6000000000000001,0.134
2000,3,14,14,30,434,209,452,2,7,1000.0,202.70000000000002,0.6000000000000001,0.134
2000,3,14,15,30,366,155,310,2,6,1000.0,197.8,0.5,0.134
2000,3,14,16,30,485,84,207,2,4,1000.0,193.20000000000002,0.4,0.134
2000,3,14,17,30,132,28,37,1,2,1010.0,190.10000000000002,0.4,0.134
2000,3,14,18,30,0,0,0,0,0,1010.0,184.70000000000002,0.30000000000000004,0.134
2000,3,14,19,30,0,0,0,0,0,1010.0,181.8,0.30000000000000004,0.134
2000,3,14,20,30,0,0,0,0,0,1010.0,183.70000000000002,0.30000000000000004,0.134
2000,3,14,21,30,0,0,0,0,0,1010.0,186.70000000000002,0.30000000000000004,0.134
2000,3,14,22,30,0,0,0,0,0,1010.0,189.9,0.30000000000000004,0.134
2000,3,14,23,30,0,0,0,0,0,1010.0,194.60000000000002,0.30000000000000004,0.134
2000,3,15,0,30,0,0,0,0,0,1010.0,198.70000000000002,0.30000000000000004,0.134
2000,3,15,1,30,0,0,0,0,0,1010.0,205.60000000000002,0.30000000000000004,0.134
2000,3,15,2,30,0,0,0,0,0,1010.0,209.0,0.30000000000000004,0.134
2000,3,15,3,30,0,0,0,0,0,1010.0,207.0,0.30000000000000004,0.134
2000,3,15,4,30,0,0,0,0,0,1010.0,211.5,0.30000000000000004,0.134
2000,3,15,5,30,0,0,0,0,0,1010.0,219.5,0.30000000000000004,0.134
2000,3,15,6,30,193,31,46,0,1,1010.0,226.4,0.30000000000000004,0.134
2000,3,15,7,30,521,83,221,1,3,1010.0,227.20000000000002,0.30000000000000004,0.134
2000,3,15,8,30,689,110,408,2,5,1010.0,223.10000000000002,0.30000000000000004,0.134
2000,3,15,9,30,0,162,162,3,8,1010.0,210.4,0.30000000000000004,0.134
2000,3,15,10,30,21,249,264,4,10,1010.0,212.0,0.4,0.134
2000,3,15,11,30,22,276,292,4,11,1010.0,212.70000000000002,0.4,0.134
2000,3,15,12,30,565,236,639,4,12,1000.0,205.4,0.5,0.134
2000,3,15,13,30,739,171,660,5,12,1000.0,202.0,0.5,0.134
2000,3,15,14,30,707,148,547,6,12,1000.0,199.20000000000002,0.6000000000000001,0.134
2000,3,15,15,30,357,158,311,6,11,1000.0,194.9,0.5,0.134
2000,3,15,16,30,486,69,195,7,10,1000.0,189.4,0.5,0.134
2000,3,15,17,30,119,28,37,6,8,1000.0,188.4,0.5,0.134
2000,3,15,18,30,0,0,0,5,6,1000.0,189.9,0.5,0.134
2000,3,15,19,30,0,0,0,4,6,1000.0,193.70000000000002,0.5,0.134
2000,3,15,20,30,0,0,0,4,6,1000.0,196.70000000000002,0.6000000000000001,0.134
2000,3,15,21,30,0,0,0,4,5,1000.0,197.20000000000002,0.6000000000000001,0.134
2000,3,15,22,30,0,0,0,3,5,1000.0,196.9,0.5,0.134
2000,3,15,23,30,0,0,0,4,5,1000.0,196.9,0.5,0.134
2000,3,16,0,30,0,0,0,4,5,1000.0,199.20000000000002,0.5,0.134
2000,3,16,1,30,0,0,0,4,5,1000.0,202.60000000000002,0.5,0.134
2000,3,16,2,30,0,0,0,4,5,1000.0,203.0,0.5,0.134
2000,3,16,3,30,0,0,0,4,6,1000.0,205.5,0.5,0.134
2000,3,16,4,30,0,0,0,4,6,1000.0,210.10000000000002,0.5,0.134
2000,3,16,5,30,0,0,0,4,6,1000.0,217.10000000000002,0.5,0.134
2000,3,16,6,30,6,28,29,5,6,1000.0,220.8,0.5,0.134
2000,3,16,7,30,448,78,199,6,8,1000.0,224.3,0.5,0.134
2000,3,16,8,30,475,141,349,7,10,1000.0,224.5,0.5,0.134
2000,3,16,9,30,633,178,541,8,13,1000.0,223.0,0.5,0.134
2000,3,16,10,30,571,213,596,8,14,1000.0,220.60000000000002,0.5,0.134
2000,3,16,11,30,39,302,330,9,15,1000.0,219.3,0.5,0.134
2000,3,16,12,30,6,201,205,10,16,1000.0,221.4,0.4,0.134
2000,3,16,13,30,101,311,378,10,15,1000.0,222.8,0.30000000000000004,0.134
2000,3,16,14,30,13,201,209,11,14,1000.0,217.0,0.30000000000000004,0.134
2000,3,16,15,30,0,108,108,11,12,1000.0,205.0,0.2,0.134
2000,3,16,16,30,0,78,78,9,11,1000.0,199.70000000000002,0.2,0.134
2000,3,16,17,30,0,9,9,9,10,1000.0,204.3,0.30000000000000004,0.134
2000,3,16,18,30,0,0,0,8,9,1000.0,203.20000000000002,0.2,0.134
2000,3,16,19,30,0,0,0,7,8,1000.0,104.30000000000001,0.1,0.134
2000,3,16,20,30,0,0,0,7,7,1000.0,147.5,0.2,0.134
2000,3,16,21,30,0,0,0,6,7,1000.0,132.70000000000002,0.1,0.134
2000,3,16,22,30,0,0,0,4,6,1000.0,118.10000000000001,0.2,0.134
2000,3,16,23,30,0,0,0,4,5,990.0,43.900000000000006,0.4,0.134
2000,3,17,0,30,0,0,0,4,4,990.0,35.5,0.5,0.134
2000,3,17,1,30,0,0,0,2,3,990.0,37.800000000000004,0.6000000000000001,0.134
2000,3,17,2,30,0,0,0,1,1,990.0,37.0,0.6000000000000001,0.134
2000,3,17,3,30,0,0,0,0,0,990.0,29.700000000000003,0.6000000000000001,0.134
2000,3,17,4,30,0,0,0,0,0,990.0,23.3,0.7000000000000001,0.134
2000,3,17,5,30,0,0,0,-1,0,990.0,17.900000000000002,0.8,0.134
2000,3,17,6,30,0,10,10,-2,0,990.0,15.100000000000001,0.8,0.134
2000,3,17,7,30,0,87,87,-2,0,990.0,13.8,0.8,0.134
2000,3,17,8,30,0,66,66,-3,0,990.0,9.9,0.8,0.134
2000,3,17,9,30,24,221,235,-3,0,990.0,8.3,0.7000000000000001,0.134
2000,3,17,10,30,12,226,234,-3,0,990.0,4.7,0.7000000000000001,0.134
2000,3,17,11,30,0,151,151,-2,0,990.0,359.3,0.8,0.134
2000,3,17,12,30,0,151,151,-2,0,1000.0,354.0,0.8,0.134
2000,3,17,13,30,47,287,319,-2,0,1000.0,348.40000000000003,0.8,0.134
2000,3,17,14,30,57,245,278,-3,0,1000.0,345.3,0.8,0.134
2000,3,17,15,30,180,185,263,-4,-1,1000.0,345.0,0.8,0.134
2000,3,17,16,30,492,91,222,-5,-2,1000.0,345.70000000000005,0.7000000000000001,0.134
2000,3,17,17,30,181,33,47,-6,-3,1000.0,345.6,0.7000000000000001,0.134
2000,3,17,18,30,0,0,0,-7,-4,1010.0,345.40000000000003,0.7000000000000001,0.134
2000,3,17,19,30,0,0,0,-8,-4,1010.0,345.5,0.7000000000000001,0.134
2000,3,17,20,30,0,0,0,-8,-5,1010.0,346.5,0.6000000000000001,0.134
2000,3,17,21,30,0,0,0,-9,-6,1010.0,346.70000000000005,0.6000000000000001,0.134
2000,3,17,22,30,0,0,0,-10,-6,1010.0,346.6,0.6000000000000001,0.134
2000,3,17,23,30,0,0,0,-10,-7,1010.0,348.90000000000003,0.6000000000000001,0.134
2000,3,18,0,30,0,0,0,-11,-7,1010.0,351.8,0.5,0.134
2000,3,18,1,30,0,0,0,-12,-8,1010.0,354.5,0.5,0.134
2000,3,18,2,30,0,0,0,-13,-9,1010.0,356.40000000000003,0.5,0.134
2000,3,18,3,30,0,0,0,-15,-10,1010.0,359.0,0.5,0.134
2000,3,18,4,30,0,0,0,-15,-11,1020.0,3.0,0.4,0.134
2000,3,18,5,30,0,0,0,-16,-10,1020.0,7.9,0.4,0.134
2000,3,18,6,30,403,32,70,-15,-8,1020.0,12.0,0.5,0.134
2000,3,18,7,30,733,62,268,-13,-6,1020.0,18.1,0.5,0.134
2000,3,18,8,30,864,78,466,-12,-4,1020.0,21.8,0.5,0.134
2000,3,18,9,30,928,89,632,-11,-2,1020.0,22.900000000000002,0.4,0.134
2000,3,18,10,30,957,97,749,-10,-1,1020.0,22.6,0.4,0.134
2000,3,18,11,30,969,101,807,-9,0,1020.0,24.700000000000003,0.4,0.134
2000,3,18,12,30,961,103,801,-7,0,1020.0,30.700000000000003,0.4,0.134
2000,3,18,13,30,934,102,732,-7,1,1020.0,37.1,0.30000000000000004,0.134
2000,3,18,14,30,888,95,608,-6,0,1020.0,42.7,0.30000000000000004,0.134
2000,3,18,15,30,812,83,439,-6,0,1020.0,47.1,0.2,0.134
2000,3,18,16,30,669,63,244,-6,-1,1020.0,51.400000000000006,0.30000000000000004,0.134
2000,3,18,17,30,340,28,56,-6,-3,1020.0,67.9,0.6000000000000001,0.134
2000,3,18,18,30,0,0,0,-7,-4,1020.0,86.10000000000001,0.6000000000000001,0.134
2000,3,18,19,30,0,0,0,-8,-5,1020.0,101.9,0.5,0.134
2000,3,18,20,30,0,0,0,-8,-5,1020.0,108.9,0.5,0.134
2000,3,18,21,30,0,0,0,-8,-5,1020.0,110.7,0.4,0.134
2000,3,18,22,30,0,0,0,-8,-5,1020.0,110.2,0.4,0.134
2000,3,18,23,30,0,0,0,-8,-5,1020.0,111.30000000000001,0.30000000000000004,0.134
2000,3,19,0,30,0,0,0,-8,-5,1020.0,89.60000000000001,0.2,0.134
2000,3,19,1,30,0,0,0,-8,-4,1020.0,4.7,0.2,0.134
2000,3,19,2,30,0,0,0,-8,-4,1020.0,4.0,0.30000000000000004,0.134
2000,3,19,3,30,0,0,0,-8,-4,1020.0,21.8,0.4,0.134
2000,3,19,4,30,0,0,0,-8,-4,1020.0,36.5,0.4,0.134
2000,3,19,5,30,0,0,0,-8,-5,1020.0,43.1,0.4,0.134
2000,3,19,6,30,332,36,69,-8,-3,1020.0,42.1,0.30000000000000004,0.134
2000,3,19,7,30,675,69,263,-6,-1,1020.0,60.800000000000004,0.30000000000000004,0.134
2000,3,19,8,30,822,85,459,-5,0,1020.0,73.2,0.4,0.134
2000,3,19,9,30,895,96,624,-4,1,1020.0,76.60000000000001,0.30000000000000004,0.134
2000,3,19,10,30,896,119,733,-3,2,1020.0,80.80000000000001,0.30000000000000004,0.134
2000,3,19,11,30,912,123,791,-3,3,1020.0,86.60000000000001,0.30000000000000004,0.134
2000,3,19,12,30,912,121,789,-2,4,1020.0,91.7,0.30000000000000004,0.134
2000,3,19,13,30,896,116,724,-2,5,1010.0,95.60000000000001,0.30000000000000004,0.134
2000,3,19,14,30,855,107,603,-2,4,1010.0,100.30000000000001,0.30000000000000004,0.134
2000,3,19,15,30,782,91,437,-1,3,1010.0,102.10000000000001,0.2,0.134
2000,3,19,16,30,643,68,244,0,1,1010.0,96.4,0.2,0.134
2000,3,19,17,30,304,31,57,-1,-1,1010.0,95.60000000000001,0.2,0.134
2000,3,19,18,30,0,0,0,-3,-2,1010.0,92.60000000000001,0.2,0.134
2000,3,19,19,30,0,0,0,-3,-2,1020.0,92.60000000000001,0.2,0.134
2000,3,19,20,30,0,0,0,-4,-3,1020.0,85.30000000000001,0.30000000000000004,0.134
2000,3,19,21,30,0,0,0,-4,-3,1020.0,77.4,0.30000000000000004,0.134
2000,3,19,22,30,0,0,0,-4,-3,1020.0,70.2,0.30000000000000004,0.134
2000,3,19,23,30,0,0,0,-5,-4,1010.0,57.300000000000004,0.30000000000000004,0.134
2000,3,20,0,30,0,0,0,-5,-4,1010.0,46.6,0.30000000000000004,0.134
2000,3,20,1,30,0,0,0,-5,-4,1010.0,43.5,0.30000000000000004,0.134
2000,3,20,2,30,0,0,0,-5,-4,1010.0,42.5,0.30000000000000004,0.134
2000,3,20,3,30,0,0,0,-5,-3,1010.0,38.800000000000004,0.30000000000000004,0.134
2000,3,20,4,30,0,0,0,-5,-3,1010.0,34.0,0.30000000000000004,0.134
2000,3,20,5,30,0,0,0,-4,-3,1010.0,27.8,0.30000000000000004,0.134
2000,3,20,6,30,320,32,66,-4,-2,1010.0,26.200000000000003,0.30000000000000004,0.134
2000,3,20,7,30,111,116,148,-3,0,1010.0,32.300000000000004,0.30000000000000004,0.134
2000,3,20,8,30,442,156,360,-1,1,1010.0,57.800000000000004,0.30000000000000004,0.134
2000,3,20,9,30,541,189,511,-1,2,1010.0,64.7,0.4,0.134
2000,3,20,10,30,889,123,736,0,4,1010.0,66.0,0.4,0.134
2000,3,20,11,30,658,212,698,0,5,1010.0,68.10000000000001,0.4,0.134
2000,3,20,12,30,762,165,726,0,5,1010.0,71.10000000000001,0.4,0.134
2000,3,20,13,30,749,151,663,0,6,1010.0,72.9,0.4,0.134
2000,3,20,14,30,666,143,533,0,5,1010.0,73.4,0.4,0.134
2000,3,20,15,30,585,117,379,0,4,1010.0,73.3,0.30000000000000004,0.134
2000,3,20,16,30,596,74,240,0,2,1010.0,72.0,0.2,0.134
2000,3,20,17,30,232,35,56,0,0,1010.0,69.4,0.2,0.134
2000,3,20,18,30,0,0,0,0,0,1010.0,67.5,0.30000000000000004,0.134
2000,3,20,19,30,0,0,0,0,0,1010.0,64.3,0.30000000000000004,0.136
2000,3,20,20,30,0,0,0,0,0,1010.0,60.900000000000006,0.30000000000000004,0.136
2000,3,20,21,30,0,0,0,0,0,1010.0,57.2,0.30000000000000004,0.136
2000,3,20,22,30,0,0,0,0,0,1010.0,56.0,0.30000000000000004,0.136
2000,3,20,23,30,0,0,0,0,0,1010.0,56.2,0.30000000000000004,0.136
2000,3,21,0,30,0,0,0,0,0,1010.0,53.2,0.30000000000000004,0.136
2000,3,21,1,30,0,0,0,0,0,1010.0,49.400000000000006,0.30000000000000004,0.136
2000,3,21,2,30,0,0,0,0,0,1010.0,49.7,0.30000000000000004,0.136
2000,3,21,3,30,0,0,0,0,0,1010.0,46.900000000000006,0.30000000000000004,0.136
2000,3,21,4,30,0,0,0,0,0,1010.0,43.1,0.30000000000000004,0.136
2000,3,21,5,30,0,0,0,0,0,1010.0,44.2,0.30000000000000004,0.136
2000,3,21,6,30,0,7,7,0,0,1010.0,53.300000000000004,0.30000000000000004,0.136
2000,3,21,7,30,38,113,124,0,2,1010.0,54.300000000000004,0.4,0.136
2000,3,21,8,30,12,166,172,0,3,1010.0,60.6,0.4,0.136
2000,3,21,9,30,7,193,198,1,4,1010.0,65.3,0.5,0.136
2000,3,21,10,30,46,296,328,2,5,1010.0,66.8,0.5,0.136
2000,3,21,11,30,24,283,301,2,6,1010.0,66.5,0.5,0.136
2000,3,21,12,30,8,215,221,2,7,1010.0,66.4,0.5,0.136
2000,3,21,13,30,42,289,318,3,7,1010.0,65.8,0.5,0.136
2000,3,21,14,30,117,268,337,3,6,1010.0,65.4,0.4,0.136
2000,3,21,15,30,130,193,252,2,5,1010.0,63.900000000000006,0.4,0.136
2000,3,21,16,30,0,11,11,2,3,1010.0,61.7,0.4,0.136
2000,3,21,17,30,0,2,2,1,2,1010.0,60.7,0.4,0.136
2000,3,21,18,30,0,0,0,0,1,1010.0,61.7,0.4,0.136
2000,3,21,19,30,0,0,0,0,1,1010.0,63.0,0.4,0.136
2000,3,21,20,30,0,0,0,0,0,1010.0,63.0,0.4,0.136
2000,3,21,21,30,0,0,0,0,0,1010.0,62.1,0.30000000000000004,0.136
2000,3,21,22,30,0,0,0,0,0,1010.0,59.300000000000004,0.30000000000000004,0.136
2000,3,21,23,30,0,0,0,0,0,1010.0,55.800000000000004,0.30000000000000004,0.136
2000,3,22,0,30,0,0,0,0,0,1010.0,50.6,0.30000000000000004,0.136
2000,3,22,1,30,0,0,0,0,0,1010.0,43.1,0.30000000000000004,0.136
2000,3,22,2,30,0,0,0,0,0,1010.0,38.800000000000004,0.30000000000000004,0.136
2000,3,22,3,30,0,0,0,0,0,1010.0,37.7,0.30000000000000004,0.136
2000,3,22,4,30,0,0,0,0,0,1010.0,36.6,0.30000000000000004,0.136
2000,3,22,5,30,0,0,0,0,0,1010.0,35.2,0.30000000000000004,0.136
2000,3,22,6,30,0,33,33,0,0,1010.0,33.0,0.30000000000000004,0.136
2000,3,22,7,30,0,104,104,0,2,1010.0,37.300000000000004,0.30000000000000004,0.136
2000,3,22,8,30,32,183,198,1,3,1010.0,45.5,0.30000000000000004,0.136
2000,3,22,9,30,59,261,297,1,4,1010.0,52.1,0.4,0.136
2000,3,22,10,30,362,302,555,2,5,1010.0,53.300000000000004,0.4,0.136
2000,3,22,11,30,265,353,552,2,6,1010.0,53.400000000000006,0.30000000000000004,0.136
2000,3,22,12,30,50,325,362,3,7,1010.0,53.6,0.30000000000000004,0.136
2000,3,22,13,30,791,157,704,3,8,1010.0,54.0,0.30000000000000004,0.136
2000,3,22,14,30,761,137,589,3,8,1010.0,55.6,0.30000000000000004,0.136
2000,3,22,15,30,706,110,430,3,8,1010.0,56.6,0.2,0.136
2000,3,22,16,30,569,80,243,4,6,1010.0,56.6,0.2,0.136
2000,3,22,17,30,261,36,61,2,2,1010.0,59.7,0.30000000000000004,0.136
2000,3,22,18,30,0,0,0,0,0,1010.0,61.300000000000004,0.30000000000000004,0.136
2000,3,22,19,30,0,0,0,0,0,1010.0,69.0,0.2,0.136
2000,3,22,20,30,0,0,0,0,0,1010.0,76.0,0.2,0.136
2000,3,22,21,30,0,0,0,-1,-1,1010.0,77.80000000000001,0.4,0.136
2000,3,22,22,30,0,0,0,-1,0,1010.0,74.5,0.5,0.136
2000,3,22,23,30,0,0,0,-1,0,1010.0,60.7,0.5,0.136
2000,3,23,0,30,0,0,0,-1,0,1010.0,35.5,0.4,0.136
2000,3,23,1,30,0,0,0,-1,0,1010.0,16.0,0.2,0.136
2000,3,23,2,30,0,0,0,-1,0,1010.0,10.200000000000001,0.1,0.136
2000,3,23,3,30,0,0,0,-1,0,1010.0,9.3,0.1,0.136
2000,3,23,4,30,0,0,0,-1,-1,1010.0,11.700000000000001,0.1,0.136
2000,3,23,5,30,0,0,0,-2,0,1010.0,12.5,0.1,0.136
2000,3,23,6,30,353,40,84,-1,1,1010.0,11.200000000000001,0.1,0.136
2000,3,23,7,30,653,72,274,0,4,1010.0,352.5,0.1,0.136
2000,3,23,8,30,788,90,465,0,8,1010.0,341.40000000000003,0.1,0.136
2000,3,23,9,30,857,102,625,0,11,1010.0,351.20000000000005,0.2,0.136
2000,3,23,10,30,907,102,741,1,13,1010.0,355.40000000000003,0.2,0.136
2000,3,23,11,30,918,106,797,3,15,1010.0,347.6,0.2,0.136
2000,3,23,12,30,911,107,790,4,16,1010.0,334.70000000000005,0.2,0.136
2000,3,23,13,30,885,106,721,5,16,1010.0,324.8,0.2,0.136
2000,3,23,14,30,830,102,598,6,16,1010.0,320.0,0.2,0.136
2000,3,23,15,30,736,94,431,7,15,1000.0,319.90000000000003,0.2,0.136
2000,3,23,16,30,577,75,242,9,12,1000.0,318.3,0.30000000000000004,0.136
2000,3,23,17,30,262,36,62,8,9,1000.0,301.7,0.5,0.136
2000,3,23,18,30,0,0,0,6,7,1000.0,298.7,0.5,0.136
2000,3,23,19,30,0,0,0,4,6,1000.0,306.2,0.30000000000000004,0.136
2000,3,23,20,30,0,0,0,4,6,1010.0,324.8,0.2,0.136
2000,3,23,21,30,0,0,0,4,6,1010.0,346.8,0.30000000000000004,0.136
2000,3,23,22,30,0,0,0,4,5,1010.0,355.5,0.30000000000000004,0.136
2000,3,23,23,30,0,0,0,4,4,1010.0,356.8,0.2,0.136
2000,3,24,0,30,0,0,0,2,3,1000.0,348.40000000000003,0.2,0.136
2000,3,24,1,30,0,0,0,2,2,1000.0,338.0,0.2,0.136
2000,3,24,2,30,0,0,0,1,2,1000.0,327.3,0.2,0.136
2000,3,24,3,30,0,0,0,1,2,1000.0,322.40000000000003,0.2,0.136
2000,3,24,4,30,0,0,0,1,2,1000.0,326.1,0.2,0.136
2000,3,24,5,30,0,0,0,1,2,1000.0,329.70000000000005,0.30000000000000004,0.136
2000,3,24,6,30,388,41,91,2,4,1010.0,333.5,0.2,0.136
2000,3,24,7,30,686,71,287,3,8,1010.0,332.1,0.2,0.136
2000,3,24,8,30,823,86,482,4,11,1010.0,351.70000000000005,0.2,0.136
2000,3,24,9,30,894,95,646,3,13,1010.0,5.5,0.30000000000000004,0.136
2000,3,24,10,30,934,100,762,2,14,1000.0,357.40000000000003,0.30000000000000004,0.136
2000,3,24,11,30,950,102,821,1,15,1000.0,349.70000000000005,0.30000000000000004,0.136
2000,3,24,12,30,949,102,816,1,16,1000.0,342.6,0.30000000000000004,0.136
2000,3,24,13,30,930,98,750,1,16,1000.0,336.1,0.30000000000000004,0.136
2000,3,24,14,30,892,91,627,2,16,1000.0,333.20000000000005,0.2,0.136
2000,3,24,15,30,820,81,459,1,15,1000.0,333.0,0.2,0.136
2000,3,24,16,30,676,65,263,4,12,1000.0,332.1,0.4,0.136
2000,3,24,17,30,358,34,71,4,10,1000.0,331.3,0.7000000000000001,0.136
2000,3,24,18,30,0,0,0,1,10,1000.0,331.3,0.6000000000000001,0.136
2000,3,24,19,30,0,0,0,1,9,1000.0,324.6,0.30000000000000004,0.136
2000,3,24,20,30,0,0,0,1,7,1000.0,234.10000000000002,0.2,0.136
2000,3,24,21,30,0,0,0,1,6,1000.0,208.60000000000002,0.30000000000000004,0.136
2000,3,24,22,30,0,0,0,1,5,1000.0,208.70000000000002,0.30000000000000004,0.136
2000,3,24,23,30,0,0,0,1,4,1000.0,206.70000000000002,0.2,0.136
2000,3,25,0,30,0,0,0,1,3,1000.0,156.0,0.2,0.136
2000,3,25,1,30,0,0,0,1,2,1000.0,88.9,0.4,0.136
2000,3,25,2,30,0,0,0,0,1,1000.0,95.4,0.5,0.136
2000,3,25,3,30,0,0,0,0,0,1000.0,110.0,0.5,0.136
2000,3,25,4,30,0,0,0,0,0,1000.0,116.60000000000001,0.5,0.136
2000,3,25,5,30,0,0,0,0,1,1000.0,107.4,0.30000000000000004,0.136
2000,3,25,6,30,313,47,89,1,3,1000.0,126.10000000000001,0.1,0.136
2000,3,25,7,30,565,92,273,2,5,1000.0,159.3,0.1,0.136
2000,3,25,8,30,678,105,435,3,8,1000.0,186.8,0.2,0.136
2000,3,25,9,30,677,154,574,5,11,1000.0,189.70000000000002,0.30000000000000004,0.136
2000,3,25,10,30,400,300,586,6,13,1000.0,194.70000000000002,0.4,0.136
2000,3,25,11,30,537,270,679,7,14,1000.0,198.20000000000002,0.4,0.136
2000,3,25,12,30,320,349,591,6,14,990.0,196.60000000000002,0.5,0.136
2000,3,25,13,30,46,302,335,6,14,990.0,195.10000000000002,0.4,0.136
2000,3,25,14,30,11,206,213,5,13,990.0,195.0,0.4,0.136
2000,3,25,15,30,5,156,158,6,11,990.0,193.5,0.30000000000000004,0.136
2000,3,25,16,30,283,106,190,6,10,990.0,193.4,0.30000000000000004,0.136
2000,3,25,17,30,14,37,39,6,9,990.0,195.3,0.2,0.136
2000,3,25,18,30,0,0,0,6,7,990.0,193.3,0.2,0.136
2000,3,25,19,30,0,0,0,6,6,990.0,189.5,0.2,0.136
2000,3,25,20,30,0,0,0,4,6,990.0,189.8,0.2,0.136
2000,3,25,21,30,0,0,0,4,6,990.0,190.3,0.2,0.136
2000,3,25,22,30,0,0,0,4,6,990.0,193.0,0.2,0.136
2000,3,25,23,30,0,0,0,4,6,990.0,201.5,0.2,0.136
2000,3,26,0,30,0,0,0,6,6,990.0,223.8,0.2,0.136
2000,3,26,1,30,0,0,0,6,6,990.0,262.2,0.2,0.136
2000,3,26,2,30,0,0,0,6,7,990.0,283.2,0.2,0.136
2000,3,26,3,30,0,0,0,6,7,990.0,300.1,0.2,0.136
2000,3,26,4,30,0,0,0,4,6,990.0,308.8,0.2,0.136
2000,3,26,5,30,0,0,0,4,5,990.0,299.6,0.2,0.136
2000,3,26,6,30,0,23,23,5,7,990.0,288.40000000000003,0.2,0.136
2000,3,26,7,30,305,117,217,6,9,990.0,276.6,0.2,0.136
2000,3,26,8,30,380,186,372,5,11,990.0,283.0,0.30000000000000004,0.136
2000,3,26,9,30,846,118,648,3,12,990.0,289.90000000000003,0.4,0.136
2000,3,26,10,30,906,114,766,2,13,990.0,290.2,0.4,0.136
2000,3,26,11,30,925,113,821,2,14,980.0,290.90000000000003,0.4,0.136
2000,3,26,12,30,916,114,812,2,14,980.0,290.5,0.4,0.136
2000,3,26,13,30,877,118,740,3,14,980.0,291.7,0.4,0.136
2000,3,26,14,30,818,116,614,3,13,980.0,295.6,0.4,0.136
2000,3,26,15,30,736,103,448,3,12,990.0,300.90000000000003,0.4,0.136
2000,3,26,16,30,593,80,257,4,10,990.0,307.20000000000005,0.30000000000000004,0.136
2000,3,26,17,30,309,39,73,4,8,990.0,314.3,0.30000000000000004,0.136
2000,3,26,18,30,0,0,0,3,6,990.0,320.40000000000003,0.30000000000000004,0.136
2000,3,26,19,30,0,0,0,2,5,990.0,321.8,0.30000000000000004,0.136
2000,3,26,20,30,0,0,0,2,3,990.0,317.70000000000005,0.2,0.136
2000,3,26,21,30,0,0,0,1,2,990.0,311.3,0.2,0.136
2000,3,26,22,30,0,0,0,0,1,990.0,306.3,0.1,0.136
2000,3,26,23,30,0,0,0,0,0,990.0,299.7,0.1,0.136
2000,3,27,0,30,0,0,0,0,0,990.0,294.40000000000003,0.1,0.136
2000,3,27,1,30,0,0,0,0,0,990.0,292.6,0.1,0.136
2000,3,27,2,30,0,0,0,-1,0,990.0,290.40000000000003,0.1,0.136
2000,3,27,3,30,0,0,0,-2,-1,990.0,285.5,0.1,0.136
2000,3,27,4,30,0,0,0,-2,-1,990.0,282.2,0.1,0.136
2000,3,27,5,30,0,0,0,-1,-1,990.0,281.6,0.1,0.136
2000,3,27,6,30,351,51,102,0,2,990.0,275.3,0.1,0.136
2000,3,27,7,30,635,88,298,0,5,990.0,239.3,0.1,0.136
2000,3,27,8,30,763,113,491,0,8,990.0,212.8,0.2,0.136
2000,3,27,9,30,846,123,657,0,10,990.0,206.5,0.30000000000000004,0.136
2000,3,27,10,30,911,119,778,0,11,990.0,200.5,0.30000000000000004,0.136
2000,3,27,11,30,908,133,832,0,12,990.0,193.20000000000002,0.30000000000000004,0.136
2000,3,27,12,30,562,266,697,1,12,990.0,186.10000000000002,0.30000000000000004,0.136
2000,3,27,13,30,474,269,606,2,11,990.0,179.20000000000002,0.30000000000000004,0.136
2000,3,27,14,30,340,259,467,2,10,990.0,172.3,0.30000000000000004,0.136
2000,3,27,15,30,352,181,348,2,9,990.0,167.3,0.30000000000000004,0.136
2000,3,27,16,30,324,105,203,2,8,990.0,160.5,0.30000000000000004,0.136
2000,3,27,17,30,34,41,45,2,6,990.0,149.1,0.30000000000000004,0.136
2000,3,27,18,30,0,0,0,2,5,990.0,140.0,0.30000000000000004,0.136
2000,3,27,19,30,0,0,0,2,5,990.0,145.0,0.30000000000000004,0.136
2000,3,27,20,30,0,0,0,3,6,980.0,148.6,0.30000000000000004,0.136
2000,3,27,21,30,0,0,0,5,7,980.0,151.70000000000002,0.30000000000000004,0.136
2000,3,27,22,30,0,0,0,7,8,980.0,152.3,0.30000000000000004,0.136
2000,3,27,23,30,0,0,0,8,9,980.0,144.6,0.30000000000000004,0.136
2000,3,28,0,30,0,0,0,8,9,980.0,135.70000000000002,0.30000000000000004,0.136
2000,3,28,1,30,0,0,0,8,9,980.0,118.9,0.30000000000000004,0.136
2000,3,28,2,30,0,0,0,8,8,980.0,102.7,0.4,0.136
2000,3,28,3,30,0,0,0,7,8,980.0,100.9,0.5,0.136
2000,3,28,4,30,0,0,0,7,8,970.0,97.4,0.5,0.136
2000,3,28,5,30,0,0,0,7,8,970.0,94.5,0.5,0.136
2000,3,28,6,30,0,13,13,8,9,970.0,111.5,0.5,0.136
2000,3,28,7,30,0,66,66,9,10,970.0,129.3,0.5,0.136
2000,3,28,8,30,0,135,135,10,11,970.0,148.6,0.5,0.136
2000,3,28,9,30,22,237,251,11,12,970.0,164.20000000000002,0.5,0.136
2000,3,28,10,30,15,247,258,10,11,970.0,175.8,0.4,0.136
2000,3,28,11,30,0,126,126,10,11,970.0,184.70000000000002,0.4,0.136
2000,3,28,12,30,0,43,43,9,10,970.0,200.0,0.4,0.136
2000,3,28,13,30,0,91,91,8,9,970.0,218.3,0.5,0.136
2000,3,28,14,30,0,134,134,6,9,970.0,236.60000000000002,0.5,0.136
2000,3,28,15,30,0,89,89,5,8,970.0,250.9,0.4,0.136
2000,3,28,16,30,297,110,201,3,7,970.0,251.60000000000002,0.30000000000000004,0.136
2000,3,28,17,30,350,39,81,3,6,980.0,238.20000000000002,0.2,0.136
2000,3,28,18,30,0,0,0,3,5,980.0,217.60000000000002,0.2,0.136
2000,3,28,19,30,0,0,0,3,4,980.0,204.20000000000002,0.2,0.138
2000,3,28,20,30,0,0,0,2,4,980.0,197.20000000000002,0.2,0.138
2000,3,28,21,30,0,0,0,2,4,980.0,196.60000000000002,0.2,0.138
2000,3,28,22,30,0,0,0,2,3,980.0,198.10000000000002,0.2,0.138
2000,3,28,23,30,0,0,0,2,3,980.0,189.3,0.2,0.138
2000,3,29,0,30,0,0,0,2,3,980.0,180.60000000000002,0.2,0.138
2000,3,29,1,30,0,0,0,2,3,980.0,174.3,0.1,0.138
2000,3,29,2,30,0,0,0,2,3,980.0,178.60000000000002,0.1,0.138
2000,3,29,3,30,0,0,0,2,3,980.0,197.0,0.1,0.138
2000,3,29,4,30,0,0,0,2,3,980.0,218.4,0.1,0.138
2000,3,29,5,30,0,0,0,2,3,980.0,237.10000000000002,0.1,0.138
2000,3,29,6,30,379,52,112,2,4,980.0,242.70000000000002,0.2,0.138
2000,3,29,7,30,684,78,312,3,6,980.0,244.3,0.30000000000000004,0.138
2000,3,29,8,30,815,91,504,2,8,980.0,244.4,0.4,0.138
2000,3,29,9,30,875,102,662,1,9,980.0,244.3,0.4,0.138
2000,3,29,10,30,88,345,410,1,10,980.0,243.3,0.5,0.138
2000,3,29,11,30,26,304,325,1,10,980.0,243.20000000000002,0.5,0.138
2000,3,29,12,30,320,359,607,2,9,980.0,243.60000000000002,0.5,0.138
2000,3,29,13,30,113,344,426,2,8,980.0,247.0,0.5,0.138
2000,3,29,14,30,333,283,489,2,8,980.0,251.20000000000002,0.5,0.138
2000,3,29,15,30,239,203,318,2,7,980.0,255.60000000000002,0.4,0.138
2000,3,29,16,30,147,123,169,2,6,990.0,259.3,0.4,0.138
2000,3,29,17,30,25,42,45,2,5,990.0,262.8,0.30000000000000004,0.138
2000,3,29,18,30,0,0,0,1,4,990.0,266.1,0.30000000000000004,0.138
2000,3,29,19,30,0,0,0,1,3,990.0,266.6,0.30000000000000004,0.138
2000,3,29,20,30,0,0,0,1,3,990.0,265.1,0.30000000000000004,0.138
2000,3,29,21,30,0,0,0,1,2,990.0,261.90000000000003,0.30000000000000004,0.138
2000,3,29,22,30,0,0,0,1,2,990.0,259.0,0.30000000000000004,0.138
2000,3,29,23,30,0,0,0,1,2,990.0,256.8,0.2,0.138
2000,3,30,0,30,0,0,0,0,1,990.0,253.0,0.2,0.138
2000,3,30,1,30,0,0,0,0,0,990.0,249.4,0.2,0.138
2000,3,30,2,30,0,0,0,0,0,990.0,247.5,0.2,0.138
2000,3,30,3,30,0,0,0,0,0,990.0,248.10000000000002,0.2,0.138
2000,3,30,4,30,0,0,0,0,0,990.0,247.8,0.2,0.138
2000,3,30,5,30,0,0,0,0,0,990.0,248.60000000000002,0.2,0.138
2000,3,30,6,30,0,42,42,0,2,990.0,249.70000000000002,0.2,0.138
2000,3,30,7,30,0,50,50,0,5,990.0,253.8,0.2,0.138
2000,3,30,8,30,0,134,134,0,7,990.0,262.5,0.30000000000000004,0.138
2000,3,30,9,30,0,140,140,0,8,990.0,259.8,0.30000000000000004,0.138
2000,3,30,10,30,13,245,255,0,9,990.0,257.40000000000003,0.30000000000000004,0.138
2000,3,30,11,30,21,290,307,0,9,990.0,257.6,0.30000000000000004,0.138
2000,3,30,12,30,7,202,207,0,10,990.0,253.9,0.30000000000000004,0.138
2000,3,30,13,30,0,129,129,0,9,990.0,251.9,0.30000000000000004,0.138
2000,3,30,14,30,9,203,209,1,9,990.0,254.4,0.2,0.138
2000,3,30,15,30,20,179,189,2,8,990.0,261.40000000000003,0.2,0.138
2000,3,30,16,30,47,121,136,2,7,990.0,275.6,0.1,0.138
2000,3,30,17,30,0,41,42,4,4,1000.0,293.5,0.2,0.138
2000,3,30,18,30,0,0,0,2,3,1000.0,309.0,0.2,0.138
2000,3,30,19,30,0,0,0,1,2,1000.0,329.1,0.1,0.138
2000,3,30,20,30,0,0,0,1,2,1000.0,335.8,0.1,0.138
2000,3,30,21,30,0,0,0,1,1,1000.0,334.90000000000003,0.2,0.138
2000,3,30,22,30,0,0,0,0,0,1000.0,330.0,0.2,0.138
2000,3,30,23,30,0,0,0,0,0,1000.0,325.40000000000003,0.1,0.138
2000,3,31,0,30,0,0,0,0,0,1000.0,323.0,0.1,0.138
2000,3,31,1,30,0,0,0,-1,-1,1000.0,320.20000000000005,0.1,0.138
2000,3,31,2,30,0,0,0,-2,-1,1000.0,318.5,0.1,0.138
2000,3,31,3,30,0,0,0,-2,-2,1000.0,318.70000000000005,0.1,0.138
2000,3,31,4,30,0,0,0,-3,-2,1000.0,319.1,0.1,0.138
2000,3,31,5,30,0,0,0,-2,-1,1000.0,320.90000000000003,0.1,0.138
2000,3,31,6,30,481,48,129,-1,1,1000.0,321.40000000000003,0.2,0.138
2000,3,31,7,30,728,73,330,0,4,1000.0,323.20000000000005,0.2,0.138
2000,3,31,8,30,842,88,523,0,7,1000.0,336.3,0.2,0.138
2000,3,31,9,30,904,97,685,0,8,1000.0,332.0,0.30000000000000004,0.138
2000,3,31,10,30,930,106,796,0,9,1000.0,323.3,0.30000000000000004,0.138
2000,3,31,11,30,419,330,660,0,10,1000.0,314.1,0.30000000000000004,0.138
2000,3,31,12,30,302,366,603,0,10,1000.0,309.5,0.30000000000000004,0.138
2000,3,31,13,30,252,346,529,0,10,1000.0,309.20000000000005,0.30000000000000004,0.138
2000,3,31,14,30,709,143,588,0,9,1000.0,311.40000000000003,0.30000000000000004,0.138
2000,3,31,15,30,256,203,328,0,8,1000.0,314.90000000000003,0.30000000000000004,0.138
2000,3,31,16,30,18,115,121,1,7,1000.0,318.40000000000003,0.2,0.138
2000,3,31,17,30,0,41,41,1,4,1000.0,319.5,0.1,0.138
2000,3,31,18,30,0,0,0,1,2,1000.0,319.70000000000005,0.1,0.138
2006,3,31,19,30,0,0,0,6,8,1000.0,192.70000000000002,0.2,0.132
2006,3,31,20,30,0,0,0,6,8,1000.0,198.8,0.2,0.132
2006,3,31,21,30,0,0,0,6,7,1000.0,202.5,0.30000000000000004,0.132
2006,3,31,22,30,0,0,0,6,7,1000.0,204.4,0.2,0.132
2006,3,31,23,30,0,0,0,4,6,1000.0,203.8,0.2,0.132
2006,4,1,0,30,0,0,0,4,5,1000.0,197.20000000000002,0.2,0.132
2006,4,1,1,30,0,0,0,4,5,1000.0,191.10000000000002,0.2,0.132
2006,4,1,2,30,0,0,0,4,5,1000.0,187.8,0.2,0.132
2006,4,1,3,30,0,0,0,4,5,990.0,185.5,0.2,0.132
2006,4,1,4,30,0,0,0,4,6,990.0,183.4,0.2,0.132
2006,4,1,5,30,0,0,0,4,6,990.0,180.8,0.2,0.132
2006,4,1,6,30,0,10,10,6,7,990.0,180.20000000000002,0.2,0.132
2006,4,1,7,30,250,137,226,7,9,990.0,181.10000000000002,0.2,0.132
2006,4,1,8,30,110,241,298,8,11,990.0,184.3,0.2,0.132
2006,4,1,9,30,637,200,616,10,14,990.0,189.20000000000002,0.30000000000000004,0.132
2006,4,1,10,30,520,266,654,12,17,990.0,197.0,0.30000000000000004,0.132
2006,4,1,11,30,175,392,530,13,18,990.0,199.9,0.30000000000000004,0.132
2006,4,1,12,30,14,260,272,14,18,990.0,202.3,0.30000000000000004,0.132
2006,4,1,13,30,14,244,254,14,17,990.0,204.10000000000002,0.30000000000000004,0.132
2006,4,1,14,30,0,83,83,14,16,990.0,217.3,0.30000000000000004,0.132
2006,4,1,15,30,0,34,34,14,15,990.0,253.5,0.30000000000000004,0.132
2006,4,1,16,30,439,96,236,11,13,990.0,280.5,0.30000000000000004,0.132
2006,4,1,17,30,343,42,87,10,11,990.0,289.40000000000003,0.30000000000000004,0.132
2006,4,1,18,30,0,0,0,8,9,990.0,288.2,0.30000000000000004,0.132
2006,4,1,19,30,0,0,0,8,9,990.0,284.7,0.30000000000000004,0.132
2006,4,1,20,30,0,0,0,7,8,990.0,284.6,0.30000000000000004,0.132
2006,4,1,21,30,0,0,0,6,8,990.0,287.90000000000003,0.30000000000000004,0.132
2006,4,1,22,30,0,0,0,6,7,990.0,289.90000000000003,0.30000000000000004,0.132
2006,4,1,23,30,0,0,0,5,7,990.0,290.8,0.30000000000000004,0.132
2006,4,2,0,30,0,0,0,5,6,990.0,296.40000000000003,0.30000000000000004,0.132
2006,4,2,1,30,0,0,0,4,5,990.0,306.5,0.30000000000000004,0.132
2006,4,2,2,30,0,0,0,3,4,990.0,314.70000000000005,0.30000000000000004,0.132
2006,4,2,3,30,0,0,0,2,3,990.0,316.8,0.30000000000000004,0.132
2006,4,2,4,30,0,0,0,1,3,1000.0,317.70000000000005,0.30000000000000004,0.132
2006,4,2,5,30,0,0,0,1,3,1000.0,319.90000000000003,0.30000000000000004,0.132
2006,4,2,6,30,479,52,137,0,4,1000.0,321.0,0.30000000000000004,0.132
2006,4,2,7,30,737,76,342,0,6,1000.0,323.0,0.30000000000000004,0.132
2006,4,2,8,30,852,91,538,0,8,1000.0,323.40000000000003,0.30000000000000004,0.132
2006,4,2,9,30,913,100,700,0,9,1000.0,323.40000000000003,0.4,0.132
2006,4,2,10,30,963,97,818,0,11,1000.0,324.5,0.4,0.132
2006,4,2,11,30,980,97,875,0,12,1000.0,325.3,0.30000000000000004,0.132
2006,4,2,12,30,977,98,869,0,13,1000.0,326.8,0.30000000000000004,0.132
2006,4,2,13,30,957,97,799,0,13,1000.0,329.1,0.30000000000000004,0.132
2006,4,2,14,30,922,91,674,1,13,1000.0,328.90000000000003,0.30000000000000004,0.132
2006,4,2,15,30,858,81,503,1,12,1000.0,327.90000000000003,0.2,0.132
2006,4,2,16,30,739,65,304,3,10,1000.0,328.70000000000005,0.1,0.132
2006,4,2,17,30,475,38,103,4,7,1000.0,331.40000000000003,0.1,0.132
2006,4,2,18,30,0,0,0,2,4,1000.0,337.1,0.1,0.132
2006,4,2,19,30,0,0,0,1,3,1000.0,343.3,0.1,0.132
2006,4,2,20,30,0,0,0,0,2,1000.0,350.6,0.1,0.132
2006,4,2,21,30,0,0,0,0,1,1000.0,356.70000000000005,0.1,0.132
2006,4,2,22,30,0,0,0,0,0,1000.0,5.2,0.1,0.132
2006,4,2,23,30,0,0,0,-1,0,1000.0,18.900000000000002,0.1,0.132
2006,4,3,0,30,0,0,0,-1,0,1000.0,32.7,0.1,0.132
2006,4,3,1,30,0,0,0,-2,0,1000.0,44.7,0.1,0.132
2006,4,3,2,30,0,0,0,-2,0,1000.0,57.300000000000004,0.1,0.132
2006,4,3,3,30,0,0,0,-2,0,1000.0,73.5,0.1,0.132
2006,4,3,4,30,0,0,0,-2,0,1000.0,88.0,0.1,0.132
2006,4,3,5,30,0,0,0,-2,1,1000.0,101.9,0.1,0.132
2006,4,3,6,30,62,65,77,-1,3,1000.0,107.2,0.2,0.132
2006,4,3,7,30,204,146,221,0,5,1000.0,108.4,0.2,0.132
2006,4,3,8,30,819,98,532,0,8,1000.0,121.10000000000001,0.2,0.132
2006,4,3,9,30,621,189,600,0,10,1000.0,144.0,0.30000000000000004,0.132
2006,4,3,10,30,403,319,624,0,11,1000.0,152.9,0.30000000000000004,0.132
2006,4,3,11,30,0,105,105,0,12,1000.0,150.4,0.30000000000000004,0.132
2006,4,3,12,30,5,182,187,1,11,1000.0,153.60000000000002,0.30000000000000004,0.132
2006,4,3,13,30,0,125,125,1,11,1000.0,152.5,0.30000000000000004,0.132
2006,4,3,14,30,0,88,88,2,10,990.0,147.5,0.30000000000000004,0.132
2006,4,3,15,30,0,19,19,3,9,990.0,139.5,0.2,0.132
2006,4,3,16,30,0,45,45,4,8,990.0,133.70000000000002,0.2,0.132
2006,4,3,17,30,0,30,30,4,7,990.0,126.4,0.2,0.132
2006,4,3,18,30,0,0,0,5,6,990.0,117.9,0.2,0.132
2006,4,3,19,30,0,0,0,4,6,990.0,114.2,0.2,0.132
2006,4,3,20,30,0,0,0,4,6,990.0,112.7,0.2,0.132
2006,4,3,21,30,0,0,0,4,6,990.0,115.80000000000001,0.30000000000000004,0.132
2006,4,3,22,30,0,0,0,6,6,990.0,116.4,0.30000000000000004,0.132
2006,4,3,23,30,0,0,0,6,7,990.0,117.60000000000001,0.30000000000000004,0.132
2006,4,4,0,30,0,0,0,6,7,990.0,121.4,0.30000000000000004,0.132
2006,4,4,1,30,0,0,0,7,7,980.0,123.80000000000001,0.2,0.132
2006,4,4,2,30,0,0,0,7,7,980.0,122.0,0.2,0.132
2006,4,4,3,30,0,0,0,7,7,980.0,113.2,0.1,0.132
2006,4,4,4,30,0,0,0,6,7,980.0,91.4,0.1,0.132
2006,4,4,5,30,0,0,0,6,7,980.0,57.6,0.1,0.132
2006,4,4,6,30,0,7,7,6,6,980.0,29.700000000000003,0.1,0.132
2006,4,4,7,30,0,23,23,4,5,980.0,303.2,0.2,0.132
2006,4,4,8,30,0,23,23,4,4,980.0,298.0,0.30000000000000004,0.132
2006,4,4,9,30,0,123,123,2,3,980.0,297.7,0.4,0.132
2006,4,4,10,30,4,179,182,1,3,980.0,298.2,0.4,0.132
2006,4,4,11,30,10,227,235,0,4,980.0,294.7,0.4,0.132
2006,4,4,12,30,0,138,138,0,5,980.0,291.3,0.4,0.132
2006,4,4,13,30,0,121,121,0,5,980.0,288.40000000000003,0.4,0.132
2006,4,4,14,30,7,197,202,0,5,980.0,288.5,0.4,0.132
2006,4,4,15,30,59,208,238,0,4,980.0,291.40000000000003,0.4,0.132
2006,4,4,16,30,0,93,93,0,3,990.0,291.7,0.30000000000000004,0.132
2006,4,4,17,30,241,50,84,0,2,990.0,290.5,0.30000000000000004,0.132
2006,4,4,18,30,0,0,0,0,1,990.0,288.8,0.30000000000000004,0.132
2006,4,4,19,30,0,0,0,-1,1,990.0,287.6,0.2,0.132
2006,4,4,20,30,0,0,0,-1,0,990.0,285.5,0.1,0.132
2006,4,4,21,30,0,0,0,-1,0,990.0,280.7,0.1,0.132
2006,4,4,22,30,0,0,0,-1,-1,990.0,267.8,0.1,0.132
2006,4,4,23,30,0,0,0,-2,-2,990.0,252.0,0.1,0.132
2006,4,5,0,30,0,0,0,-2,-2,990.0,235.3,0.1,0.132
2006,4,5,1,30,0,0,0,-2,-1,990.0,226.3,0.1,0.132
2006,4,5,2,30,0,0,0,-1,0,990.0,217.0,0.1,0.132
2006,4,5,3,30,0,0,0,-1,0,990.0,206.5,0.1,0.132
2006,4,5,4,30,0,0,0,0,0,990.0,190.20000000000002,0.1,0.132
2006,4,5,5,30,0,0,0,0,0,990.0,174.70000000000002,0.1,0.132
2006,4,5,6,30,0,16,16,0,0,990.0,147.1,0.0,0.132
2006,4,5,7,30,0,76,76,0,1,990.0,32.2,0.0,0.132
2006,4,5,8,30,0,79,79,0,2,990.0,3.2,0.1,0.132
2006,4,5,9,30,22,250,265,0,3,990.0,1.3,0.1,0.132
2006,4,5,10,30,32,308,332,0,4,990.0,358.8,0.2,0.132
2006,4,5,11,30,170,402,539,0,5,990.0,355.20000000000005,0.2,0.132
2006,4,5,12,30,827,177,839,0,5,990.0,347.1,0.2,0.132
2006,4,5,13,30,868,137,784,-1,4,990.0,335.3,0.2,0.132
2006,4,5,14,30,428,251,526,-1,4,990.0,326.1,0.2,0.132
2006,4,5,15,30,241,214,335,-1,4,990.0,321.1,0.2,0.132
2006,4,5,16,30,12,118,122,-1,3,990.0,317.1,0.2,0.132
2006,4,5,17,30,0,11,11,-1,1,990.0,311.70000000000005,0.1,0.132
2006,4,5,18,30,0,0,0,-1,0,990.0,303.40000000000003,0.1,0.132
2006,4,5,19,30,0,0,0,-2,0,990.0,295.5,0.1,0.132
2006,4,5,20,30,0,0,0,-2,-1,990.0,290.40000000000003,0.1,0.132
2006,4,5,21,30,0,0,0,-2,-1,990.0,288.1,0.2,0.132
2006,4,5,22,30,0,0,0,-3,-1,990.0,286.0,0.2,0.132
2006,4,5,23,30,0,0,0,-3,-2,990.0,284.7,0.1,0.132
2006,4,6,0,30,0,0,0,-3,-2,990.0,284.8,0.1,0.132
2006,4,6,1,30,0,0,0,-3,-2,990.0,284.40000000000003,0.1,0.132
2006,4,6,2,30,0,0,0,-3,-2,990.0,282.5,0.1,0.132
2006,4,6,3,30,0,0,0,-3,-2,990.0,279.8,0.1,0.132
2006,4,6,4,30,0,0,0,-3,-2,990.0,277.90000000000003,0.1,0.132
2006,4,6,5,30,0,0,0,-3,-1,990.0,276.90000000000003,0.1,0.132
2006,4,6,6,30,323,61,125,-2,1,990.0,277.40000000000003,0.1,0.132
2006,4,6,7,30,738,79,360,-1,3,990.0,294.5,0.2,0.132
2006,4,6,8,30,840,95,552,0,5,990.0,303.3,0.2,0.132
2006,4,6,9,30,397,277,546,0,6,990.0,303.6,0.2,0.132
2006,4,6,10,30,26,297,317,0,7,990.0,302.1,0.2,0.132
2006,4,6,11,30,38,341,372,0,7,990.0,298.8,0.30000000000000004,0.132
2006,4,6,12,30,9,216,224,0,8,990.0,293.90000000000003,0.30000000000000004,0.132
2006,4,6,13,30,12,240,250,0,8,990.0,290.6,0.30000000000000004,0.132
2006,4,6,14,30,0,125,125,0,8,990.0,289.90000000000003,0.2,0.132
2006,4,6,15,30,70,214,250,0,7,990.0,292.1,0.2,0.132
2006,4,6,16,30,0,97,97,1,6,990.0,295.1,0.1,0.132
2006,4,6,17,30,430,44,109,1,3,990.0,296.7,0.1,0.132
2006,4,6,18,30,0,0,0,0,1,990.0,298.1,0.1,0.132
2006,4,6,19,30,0,0,0,0,0,990.0,297.7,0.1,0.135
2006,4,6,20,30,0,0,0,0,0,1000.0,296.6,0.2,0.135
2006,4,6,21,30,0,0,0,0,0,1000.0,289.90000000000003,0.30000000000000004,0.135
2006,4,6,22,30,0,0,0,-1,0,1000.0,279.3,0.5,0.135
2006,4,6,23,30,0,0,0,-1,0,1000.0,266.40000000000003,0.7000000000000001,0.135
2006,4,7,0,30,0,0,0,-1,0,990.0,248.10000000000002,0.7000000000000001,0.135
2006,4,7,1,30,0,0,0,-2,-1,990.0,225.70000000000002,0.30000000000000004,0.135
2006,4,7,2,30,0,0,0,-2,-1,990.0,216.5,0.1,0.135
2006,4,7,3,30,0,0,0,-1,-1,990.0,214.4,0.1,0.135
2006,4,7,4,30,0,0,0,-1,0,990.0,211.10000000000002,0.1,0.135
2006,4,7,5,30,0,0,0,0,1,990.0,206.4,0.1,0.135
2006,4,7,6,30,250,68,119,1,3,990.0,195.3,0.1,0.135
2006,4,7,7,30,312,143,264,2,6,990.0,183.70000000000002,0.2,0.135
2006,4,7,8,30,213,242,360,3,8,990.0,186.9,0.2,0.135
2006,4,7,9,30,337,296,525,4,9,990.0,177.0,0.2,0.135
2006,4,7,10,30,335,350,608,4,9,990.0,169.8,0.2,0.135
2006,4,7,11,30,17,282,296,5,10,990.0,167.9,0.2,0.135
2006,4,7,12,30,11,237,247,6,10,990.0,165.20000000000002,0.2,0.135
2006,4,7,13,30,0,101,101,8,10,980.0,166.5,0.2,0.135
2006,4,7,14,30,0,96,96,8,10,980.0,182.0,0.2,0.135
2006,4,7,15,30,0,85,85,9,10,980.0,191.10000000000002,0.2,0.135
2006,4,7,16,30,2,115,116,9,9,980.0,192.5,0.2,0.135
2006,4,7,17,30,0,19,19,9,9,980.0,194.0,0.2,0.135
2006,4,7,18,30,0,0,0,9,9,980.0,205.20000000000002,0.2,0.135
2006,4,7,19,30,0,0,0,9,9,980.0,215.60000000000002,0.2,0.135
2006,4,7,20,30,0,0,0,9,10,980.0,226.60000000000002,0.2,0.135
2006,4,7,21,30,0,0,0,9,10,980.0,238.3,0.1,0.135
2006,4,7,22,30,0,0,0,9,9,980.0,253.70000000000002,0.1,0.135
2006,4,7,23,30,0,0,0,8,8,980.0,277.6,0.1,0.135
2006,4,8,0,30,0,0,0,7,7,980.0,302.0,0.1,0.135
2006,4,8,1,30,0,0,0,6,6,980.0,318.3,0.1,0.135
2006,4,8,2,30,0,0,0,4,5,990.0,328.90000000000003,0.2,0.135
2006,4,8,3,30,0,0,0,4,4,990.0,337.3,0.1,0.135
2006,4,8,4,30,0,0,0,2,4,990.0,341.70000000000005,0.1,0.135
2006,4,8,5,30,0,0,0,2,3,990.0,345.0,0.2,0.135
2006,4,8,6,30,0,21,21,1,3,990.0,350.0,0.2,0.135
2006,4,8,7,30,0,71,71,0,3,990.0,347.6,0.2,0.135
2006,4,8,8,30,0,153,153,0,3,990.0,347.20000000000005,0.2,0.135
2006,4,8,9,30,3,178,180,0,3,990.0,350.70000000000005,0.2,0.135
2006,4,8,10,30,12,241,250,0,4,990.0,355.3,0.2,0.135
2006,4,8,11,30,21,301,319,-1,5,990.0,355.0,0.2,0.135
2006,4,8,12,30,45,353,390,-1,4,990.0,352.70000000000005,0.2,0.135
2006,4,8,13,30,13,247,257,-1,4,990.0,358.90000000000003,0.2,0.135
2006,4,8,14,30,39,267,293,-1,4,990.0,7.300000000000001,0.2,0.135
2006,4,8,15,30,13,180,187,-1,4,990.0,14.600000000000001,0.1,0.135
2006,4,8,16,30,189,136,201,0,3,990.0,13.5,0.1,0.135
2006,4,8,17,30,0,48,48,0,2,1000.0,349.3,0.1,0.135
2006,4,8,18,30,0,0,0,0,2,1000.0,351.1,0.1,0.135
2006,4,8,19,30,0,0,0,0,1,1000.0,352.0,0.1,0.135
2006,4,8,20,30,0,0,0,0,0,1000.0,348.6,0.1,0.135
2006,4,8,21,30,0,0,0,0,0,1000.0,348.0,0.1,0.135
2006,4,8,22,30,0,0,0,-1,0,1000.0,353.5,0.1,0.135
2006,4,8,23,30,0,0,0,-1,0,1000.0,358.20000000000005,0.1,0.135
2006,4,9,0,30,0,0,0,-2,0,1000.0,359.8,0.1,0.135
2006,4,9,1,30,0,0,0,-2,0,1000.0,0.2,0.1,0.135
2006,4,9,2,30,0,0,0,-2,-1,1000.0,356.8,0.1,0.135
2006,4,9,3,30,0,0,0,-3,-1,1000.0,3.5,0.1,0.135
2006,4,9,4,30,0,0,0,-3,-1,1000.0,4.0,0.1,0.135
2006,4,9,5,30,0,11,11,-3,0,1000.0,5.5,0.1,0.135
2006,4,9,6,30,393,61,144,-3,0,1000.0,5.4,0.1,0.135
2006,4,9,7,30,741,87,380,-2,1,1000.0,4.6000000000000005,0.1,0.135
2006,4,9,8,30,861,97,578,-3,2,1000.0,16.6,0.1,0.135
2006,4,9,9,30,924,103,739,-3,3,1000.0,19.900000000000002,0.2,0.135
2006,4,9,10,30,962,103,853,-3,4,1000.0,14.9,0.1,0.135
2006,4,9,11,30,975,104,906,-3,6,1000.0,8.8,0.1,0.135
2006,4,9,12,30,973,102,895,-2,7,1000.0,3.2,0.1,0.135
2006,4,9,13,30,954,99,822,-2,8,1000.0,359.1,0.1,0.135
2006,4,9,14,30,914,93,693,-1,9,1000.0,353.70000000000005,0.1,0.135
2006,4,9,15,30,848,83,520,0,10,1000.0,346.6,0.1,0.135
2006,4,9,16,30,736,66,321,1,9,1000.0,341.3,0.1,0.135
2006,4,9,17,30,500,41,121,3,6,1000.0,352.5,0.30000000000000004,0.135
2006,4,9,18,30,0,0,0,0,4,1000.0,324.5,0.4,0.135
2006,4,9,19,30,0,0,0,0,3,1000.0,317.1,0.4,0.135
2006,4,9,20,30,0,0,0,0,1,1000.0,328.5,0.30000000000000004,0.135
2006,4,9,21,30,0,0,0,0,0,1000.0,340.3,0.2,0.135
2006,4,9,22,30,0,0,0,0,0,1000.0,342.3,0.1,0.135
2006,4,9,23,30,0,0,0,0,0,1000.0,344.0,0.1,0.135
2006,4,10,0,30,0,0,0,0,0,1000.0,342.90000000000003,0.1,0.135
2006,4,10,1,30,0,0,0,-1,0,1000.0,340.3,0.1,0.135
2006,4,10,2,30,0,0,0,-1,-1,1000.0,337.20000000000005,0.1,0.135
2006,4,10,3,30,0,0,0,-2,-1,1010.0,333.40000000000003,0.1,0.135
2006,4,10,4,30,0,0,0,-2,-1,1010.0,331.20000000000005,0.1,0.135
2006,4,10,5,30,76,12,14,-1,0,1010.0,329.0,0.1,0.135
2006,4,10,6,30,531,60,176,-1,2,1010.0,323.0,0.1,0.135
2006,4,10,7,30,738,84,380,0,6,1010.0,310.40000000000003,0.1,0.135
2006,4,10,8,30,828,104,570,-1,9,1010.0,325.6,0.1,0.135
2006,4,10,9,30,872,121,725,-1,11,1010.0,308.0,0.1,0.135
2006,4,10,10,30,955,101,848,0,12,1010.0,291.7,0.1,0.135
2006,4,10,11,30,960,107,899,0,13,1010.0,282.0,0.1,0.135
2006,4,10,12,30,942,115,885,0,14,1010.0,277.8,0.1,0.135
2006,4,10,13,30,929,108,815,1,14,1000.0,276.3,0.1,0.135
2006,4,10,14,30,601,192,589,2,13,1000.0,276.90000000000003,0.1,0.135
2006,4,10,15,30,243,221,347,3,13,1000.0,279.0,0.1,0.135
2006,4,10,16,30,691,77,318,4,11,1000.0,279.40000000000003,0.1,0.135
2006,4,10,17,30,465,46,122,7,8,1010.0,277.90000000000003,0.30000000000000004,0.135
2006,4,10,18,30,0,0,0,4,5,1010.0,281.3,0.4,0.135
2006,4,10,19,30,0,0,0,2,4,1010.0,286.0,0.2,0.135
2006,4,10,20,30,0,0,0,2,3,1010.0,291.0,0.2,0.135
2006,4,10,21,30,0,0,0,2,2,1010.0,290.40000000000003,0.2,0.135
2006,4,10,22,30,0,0,0,1,2,1010.0,291.1,0.2,0.135
2006,4,10,23,30,0,0,0,1,1,1010.0,288.0,0.4,0.135
2006,4,11,0,30,0,0,0,0,1,1010.0,291.3,0.5,0.135
2006,4,11,1,30,0,0,0,0,1,1010.0,299.0,0.7000000000000001,0.135
2006,4,11,2,30,0,0,0,0,1,1010.0,312.3,0.8,0.135
2006,4,11,3,30,0,0,0,0,1,1010.0,323.90000000000003,0.9,0.135
2006,4,11,4,30,0,0,0,0,1,1010.0,335.3,0.9,0.135
2006,4,11,5,30,93,13,16,0,2,1010.0,343.0,0.5,0.135
2006,4,11,6,30,529,60,178,2,5,1010.0,346.20000000000005,0.1,0.135
2006,4,11,7,30,717,86,377,2,9,1010.0,359.90000000000003,0.0,0.135
2006,4,11,8,30,808,106,564,1,13,1010.0,283.0,0.0,0.135
2006,4,11,9,30,855,121,717,0,14,1010.0,269.2,0.1,0.135
2006,4,11,10,30,519,284,692,0,15,1010.0,265.0,0.1,0.135
2006,4,11,11,30,65,382,437,1,16,1010.0,259.3,0.1,0.135
2006,4,11,12,30,32,334,361,2,17,1010.0,252.4,0.1,0.135
2006,4,11,13,30,484,285,655,2,17,1010.0,244.20000000000002,0.1,0.135
2006,4,11,14,30,780,140,657,3,17,1010.0,232.5,0.1,0.135
2006,4,11,15,30,698,126,490,4,17,1010.0,219.4,0.1,0.135
2006,4,11,16,30,555,102,298,6,15,1010.0,208.70000000000002,0.1,0.135
2006,4,11,17,30,303,59,109,9,11,1010.0,197.5,0.1,0.135
2006,4,11,18,30,0,0,0,7,9,1010.0,187.70000000000002,0.1,0.135
2006,4,11,19,30,0,0,0,6,7,1010.0,188.5,0.1,0.135
2006,4,11,20,30,0,0,0,4,6,1010.0,195.4,0.1,0.135
2006,4,11,21,30,0,0,0,4,5,1010.0,198.5,0.1,0.135
2006,4,11,22,30,0,0,0,2,4,1010.0,198.10000000000002,0.1,0.135
2006,4,11,23,30,0,0,0,2,3,1010.0,197.0,0.1,0.135
2006,4,12,0,30,0,0,0,2,3,1010.0,197.3,0.1,0.135
2006,4,12,1,30,0,0,0,2,2,1010.0,197.10000000000002,0.1,0.135
2006,4,12,2,30,0,0,0,2,2,1010.0,196.20000000000002,0.1,0.135
2006,4,12,3,30,0,0,0,2,2,1010.0,192.9,0.1,0.135
2006,4,12,4,30,0,0,0,2,2,1010.0,187.5,0.1,0.135
2006,4,12,5,30,0,14,14,2,4,1010.0,182.3,0.1,0.135
2006,4,12,6,30,117,85,111,3,6,1010.0,175.4,0.1,0.135
2006,4,12,7,30,560,125,355,4,9,1010.0,175.3,0.1,0.135
2006,4,12,8,30,682,149,539,5,12,1010.0,182.10000000000002,0.1,0.135
2006,4,12,9,30,754,163,692,6,14,1010.0,182.10000000000002,0.2,0.135
2006,4,12,10,30,590,261,728,6,15,1010.0,181.3,0.2,0.135
2006,4,12,11,30,555,300,762,7,16,1010.0,181.9,0.2,0.135
2006,4,12,12,30,415,347,689,7,16,1010.0,182.5,0.2,0.135
2006,4,12,13,30,189,373,518,7,15,1010.0,183.60000000000002,0.2,0.135
2006,4,12,14,30,224,307,456,7,13,1010.0,183.0,0.2,0.135
2006,4,12,15,30,195,229,332,7,12,1010.0,181.10000000000002,0.2,0.135
2006,4,12,16,30,124,144,188,7,11,1010.0,180.3,0.2,0.135
2006,4,12,17,30,11,59,61,7,10,1010.0,181.60000000000002,0.2,0.135
2006,4,12,18,30,0,0,0,7,10,1010.0,184.9,0.2,0.135
2006,4,12,19,30,0,0,0,7,9,1010.0,186.60000000000002,0.2,0.135
2006,4,12,20,30,0,0,0,7,9,1010.0,181.8,0.2,0.135
2006,4,12,21,30,0,0,0,7,9,1010.0,177.8,0.2,0.135
2006,4,12,22,30,0,0,0,8,9,1000.0,185.3,0.2,0.135
2006,4,12,23,30,0,0,0,8,9,1000.0,186.9,0.2,0.135
2006,4,13,0,30,0,0,0,8,9,1000.0,176.5,0.2,0.135
2006,4,13,1,30,0,0,0,8,9,1000.0,181.0,0.2,0.135
2006,4,13,2,30,0,0,0,8,9,1000.0,190.5,0.2,0.135
2006,4,13,3,30,0,0,0,8,9,1000.0,195.0,0.2,0.135
2006,4,13,4,30,0,0,0,8,9,1000.0,196.3,0.2,0.135
2006,4,13,5,30,0,2,2,9,9,1000.0,196.4,0.2,0.135
2006,4,13,6,30,0,59,59,9,10,1000.0,193.20000000000002,0.2,0.135
2006,4,13,7,30,0,37,37,9,12,1000.0,198.0,0.2,0.135
2006,4,13,8,30,220,256,383,10,14,1000.0,209.5,0.1,0.135
2006,4,13,9,30,424,283,582,11,17,1000.0,220.0,0.1,0.135
2006,4,13,10,30,172,391,528,11,18,1000.0,225.3,0.1,0.135
2006,4,13,11,30,861,146,866,11,19,1000.0,232.20000000000002,0.1,0.135
2006,4,13,12,30,857,144,854,11,20,1000.0,246.10000000000002,0.1,0.135
2006,4,13,13,30,2,163,165,11,20,1000.0,262.40000000000003,0.1,0.135
2006,4,13,14,30,775,139,658,11,19,1000.0,277.8,0.1,0.135
2006,4,13,15,30,735,112,500,11,18,1000.0,288.90000000000003,0.1,0.135
2006,4,13,16,30,652,81,316,11,16,1000.0,292.90000000000003,0.1,0.135
2006,4,13,17,30,442,49,126,11,14,1000.0,293.7,0.1,0.135
2006,4,13,18,30,0,0,0,10,12,1000.0,299.6,0.1,0.135
2006,4,13,19,30,0,0,0,9,11,1000.0,308.3,0.1,0.135
2006,4,13,20,30,0,0,0,9,9,1000.0,315.1,0.1,0.135
2006,4,13,21,30,0,0,0,8,9,1000.0,319.40000000000003,0.1,0.135
2006,4,13,22,30,0,0,0,7,8,1000.0,324.8,0.1,0.135
2006,4,13,23,30,0,0,0,7,7,1000.0,324.5,0.2,0.135
2006,4,14,0,30,0,0,0,6,7,1000.0,319.6,0.30000000000000004,0.135
2006,4,14,1,30,0,0,0,6,6,1000.0,316.1,0.30000000000000004,0.135
2006,4,14,2,30,0,0,0,4,6,1000.0,317.5,0.4,0.135
2006,4,14,3,30,0,0,0,4,6,1000.0,324.90000000000003,0.5,0.135
2006,4,14,4,30,0,0,0,6,6,1000.0,339.3,0.6000000000000001,0.135
2006,4,14,5,30,96,18,22,6,8,1000.0,1.3,0.30000000000000004,0.135
2006,4,14,6,30,484,69,184,7,10,1000.0,14.4,0.0,0.135
2006,4,14,7,30,400,144,312,7,14,1000.0,148.9,0.0,0.135
2006,4,14,8,30,758,121,561,8,17,990.0,183.5,0.0,0.135
2006,4,14,9,30,796,143,708,8,18,990.0,194.5,0.1,0.135
2006,4,14,10,30,694,228,781,9,19,990.0,203.0,0.1,0.135
2006,4,14,11,30,314,396,660,9,19,990.0,206.0,0.1,0.135
2006,4,14,12,30,251,406,615,10,18,990.0,206.70000000000002,0.1,0.135
2006,4,14,13,30,28,305,327,11,17,990.0,210.10000000000002,0.1,0.135
2006,4,14,14,30,4,183,186,12,15,990.0,207.20000000000002,0.1,0.135
2006,4,14,15,30,100,232,285,12,14,990.0,193.9,0.1,0.135
2006,4,14,16,30,0,70,70,11,13,990.0,187.0,0.1,0.135
2006,4,14,17,30,0,23,23,11,12,990.0,199.5,0.1,0.135
2006,4,14,18,30,0,0,0,9,11,990.0,203.9,0.1,0.135
2006,4,14,19,30,0,0,0,9,10,990.0,192.60000000000002,0.1,0.136
2006,4,14,20,30,0,0,0,9,9,990.0,178.3,0.1,0.136
2006,4,14,21,30,0,0,0,8,8,990.0,163.5,0.0,0.136
2006,4,14,22,30,0,0,0,7,8,990.0,166.60000000000002,0.0,0.136
2006,4,14,23,30,0,0,0,7,7,990.0,181.70000000000002,0.0,0.136
2006,4,15,0,30,0,0,0,7,7,990.0,191.5,0.0,0.136
2006,4,15,1,30,0,0,0,6,7,980.0,196.5,0.0,0.136
2006,4,15,2,30,0,0,0,6,7,980.0,193.9,0.0,0.136
2006,4,15,3,30,0,0,0,6,7,980.0,182.0,0.0,0.136
2006,4,15,4,30,0,0,0,7,7,980.0,173.9,0.1,0.136
2006,4,15,5,30,8,12,12,7,7,980.0,185.0,0.1,0.136
2006,4,15,6,30,0,20,20,7,8,980.0,181.10000000000002,0.1,0.136
2006,4,15,7,30,0,68,68,8,10,980.0,192.0,0.1,0.136
2006,4,15,8,30,12,200,207,10,12,980.0,208.3,0.1,0.136
2006,4,15,9,30,44,302,334,11,16,980.0,233.3,0.1,0.136
2006,4,15,10,30,771,186,805,12,19,980.0,255.10000000000002,0.1,0.136
2006,4,15,11,30,836,165,869,12,20,980.0,267.5,0.1,0.136
2006,4,15,12,30,857,150,866,11,20,980.0,275.5,0.1,0.136
2006,4,15,13,30,31,312,336,10,20,980.0,283.1,0.1,0.136
2006,4,15,14,30,813,127,676,10,19,980.0,289.3,0.1,0.136
2006,4,15,15,30,525,166,446,10,18,980.0,296.3,0.1,0.136
2006,4,15,16,30,581,101,313,10,17,980.0,304.7,0.1,0.136
2006,4,15,17,30,341,62,123,9,14,980.0,312.70000000000005,0.1,0.136
2006,4,15,18,30,0,0,0,9,12,980.0,317.0,0.1,0.136
2006,4,15,19,30,0,0,0,8,11,980.0,314.20000000000005,0.1,0.136
2006,4,15,20,30,0,0,0,8,10,980.0,308.70000000000005,0.1,0.136
2006,4,15,21,30,0,0,0,7,9,980.0,307.0,0.1,0.136
2006,4,15,22,30,0,0,0,7,8,980.0,306.90000000000003,0.1,0.136
2006,4,15,23,30,0,0,0,7,8,980.0,307.3,0.1,0.136
2006,4,16,0,30,0,0,0,6,7,980.0,308.3,0.1,0.136
2006,4,16,1,30,0,0,0,6,6,990.0,311.0,0.1,0.136
2006,4,16,2,30,0,0,0,4,6,990.0,315.5,0.1,0.136
2006,4,16,3,30,0,0,0,4,5,990.0,319.90000000000003,0.1,0.136
2006,4,16,4,30,0,0,0,4,5,990.0,322.70000000000005,0.1,0.136
2006,4,16,5,30,47,22,24,3,5,990.0,320.6,0.1,0.136
2006,4,16,6,30,398,89,187,3,7,990.0,312.5,0.1,0.136
2006,4,16,7,30,349,157,307,3,9,990.0,314.40000000000003,0.1,0.136
2006,4,16,8,30,709,155,573,3,10,990.0,315.3,0.1,0.136
2006,4,16,9,30,480,263,608,2,11,990.0,314.20000000000005,0.2,0.136
2006,4,16,10,30,117,393,488,2,12,990.0,311.70000000000005,0.2,0.136
2006,4,16,11,30,894,145,902,2,13,990.0,310.5,0.2,0.136
2006,4,16,12,30,868,157,884,2,14,990.0,312.8,0.2,0.136
2006,4,16,13,30,837,155,809,2,14,990.0,313.70000000000005,0.2,0.136
2006,4,16,14,30,777,151,677,3,13,990.0,314.0,0.1,0.136
2006,4,16,15,30,695,134,508,3,12,990.0,316.0,0.1,0.136
2006,4,16,16,30,155,150,207,3,11,990.0,319.5,0.1,0.136
2006,4,16,17,30,0,43,43,4,9,990.0,325.3,0.1,0.136
2006,4,16,18,30,0,0,0,4,7,990.0,334.70000000000005,0.1,0.136
2006,4,16,19,30,0,0,0,4,6,990.0,344.90000000000003,0.1,0.136
2006,4,16,20,30,0,0,0,4,5,990.0,350.90000000000003,0.1,0.136
2006,4,16,21,30,0,0,0,3,4,990.0,350.8,0.0,0.136
2006,4,16,22,30,0,0,0,2,3,990.0,344.20000000000005,0.0,0.136
2006,4,16,23,30,0,0,0,2,3,990.0,335.20000000000005,0.0,0.136
2006,4,17,0,30,0,0,0,2,3,990.0,330.0,0.1,0.136
2006,4,17,1,30,0,0,0,2,2,990.0,329.0,0.1,0.136
2006,4,17,2,30,0,0,0,1,2,990.0,331.0,0.1,0.136
2006,4,17,3,30,0,0,0,1,2,990.0,335.5,0.1,0.136
2006,4,17,4,30,0,0,0,1,2,990.0,340.5,0.1,0.136
2006,4,17,5,30,0,15,15,2,3,990.0,345.0,0.1,0.136
2006,4,17,6,30,60,94,109,3,5,990.0,1.6,0.1,0.136
2006,4,17,7,30,302,167,297,2,8,990.0,17.5,0.1,0.136
2006,4,17,8,30,144,269,355,2,9,990.0,17.2,0.1,0.136
2006,4,17,9,30,365,309,573,2,10,990.0,4.7,0.1,0.136
2006,4,17,10,30,45,350,387,2,11,990.0,355.40000000000003,0.1,0.136
2006,4,17,11,30,150,423,551,3,12,990.0,351.0,0.1,0.136
2006,4,17,12,30,899,131,887,3,13,990.0,349.5,0.1,0.136
2006,4,17,13,30,142,383,494,4,13,990.0,349.40000000000003,0.1,0.136
2006,4,17,14,30,81,311,366,4,13,990.0,349.5,0.1,0.136
2006,4,17,15,30,358,212,406,4,12,990.0,350.90000000000003,0.1,0.136
2006,4,17,16,30,665,82,329,5,11,990.0,354.90000000000003,0.1,0.136
2006,4,17,17,30,432,54,135,5,9,990.0,359.3,0.1,0.136
2006,4,17,18,30,0,0,0,4,8,990.0,1.0,0.1,0.136
2006,4,17,19,30,0,0,0,4,7,990.0,1.6,0.1,0.136
2006,4,17,20,30,0,0,0,4,6,990.0,1.7000000000000002,0.1,0.136
2006,4,17,21,30,0,0,0,4,6,990.0,1.5,0.1,0.136
2006,4,17,22,30,0,0,0,4,6,990.0,0.1,0.1,0.136
2006,4,17,23,30,0,0,0,4,5,990.0,357.3,0.1,0.136
2006,4,18,0,30,0,0,0,4,5,990.0,353.40000000000003,0.1,0.136
2006,4,18,1,30,0,0,0,4,5,990.0,352.20000000000005,0.1,0.136
2006,4,18,2,30,0,0,0,4,5,990.0,349.70000000000005,0.1,0.136
2006,4,18,3,30,0,0,0,4,5,990.0,349.6,0.1,0.136
2006,4,18,4,30,0,0,0,4,5,990.0,343.20000000000005,0.1,0.136
2006,4,18,5,30,114,25,33,3,5,990.0,340.6,0.1,0.136
2006,4,18,6,30,503,74,202,4,7,990.0,342.6,0.1,0.136
2006,4,18,7,30,709,94,404,4,9,990.0,349.8,0.1,0.136
2006,4,18,8,30,810,107,591,4,12,990.0,353.40000000000003,0.1,0.136
2006,4,18,9,30,871,114,746,5,14,990.0,357.40000000000003,0.1,0.136
2006,4,18,10,30,934,103,861,5,15,990.0,358.40000000000003,0.1,0.136
2006,4,18,11,30,950,102,912,6,16,990.0,356.20000000000005,0.1,0.136
2006,4,18,12,30,946,102,901,6,17,990.0,353.90000000000003,0.1,0.136
2006,4,18,13,30,916,106,826,7,18,990.0,353.20000000000005,0.1,0.136
2006,4,18,14,30,882,98,701,7,17,990.0,353.8,0.1,0.136
2006,4,18,15,30,230,238,364,7,16,990.0,354.8,0.1,0.136
2006,4,18,16,30,0,119,119,8,15,990.0,356.6,0.1,0.136
2006,4,18,17,30,0,42,42,8,13,990.0,358.8,0.1,0.136
2006,4,18,18,30,0,0,0,8,11,990.0,0.30000000000000004,0.1,0.136
2006,4,18,19,30,0,0,0,7,10,990.0,2.4000000000000004,0.0,0.136
2006,4,18,20,30,0,0,0,7,9,990.0,4.3,0.0,0.136
2006,4,18,21,30,0,0,0,7,8,990.0,4.0,0.0,0.136
2006,4,18,22,30,0,0,0,6,7,990.0,1.6,0.0,0.136
2006,4,18,23,30,0,0,0,6,7,990.0,356.5,0.0,0.136
2006,4,19,0,30,0,0,0,6,6,990.0,353.1,0.0,0.136
2006,4,19,1,30,0,0,0,6,6,990.0,353.8,0.0,0.136
2006,4,19,2,30,0,0,0,4,5,990.0,358.5,0.0,0.136
2006,4,19,3,30,0,0,0,4,5,990.0,348.5,0.0,0.136
2006,4,19,4,30,0,0,0,4,5,990.0,343.20000000000005,0.0,0.136
2006,4,19,5,30,136,26,36,5,6,990.0,341.1,0.0,0.136
2006,4,19,6,30,0,82,82,5,9,990.0,339.6,0.0,0.136
2006,4,19,7,30,187,184,267,5,11,990.0,350.70000000000005,0.1,0.136
2006,4,19,8,30,264,263,422,5,13,990.0,353.40000000000003,0.1,0.136
2006,4,19,9,30,355,316,575,5,14,990.0,349.70000000000005,0.1,0.136
2006,4,19,10,30,631,259,773,5,15,990.0,344.6,0.1,0.136
2006,4,19,11,30,916,125,909,5,16,990.0,341.3,0.1,0.136
2006,4,19,12,30,908,129,898,5,17,990.0,341.6,0.1,0.136
2006,4,19,13,30,883,129,826,5,17,990.0,343.20000000000005,0.1,0.136
2006,4,19,14,30,860,113,703,5,17,990.0,343.6,0.1,0.136
2006,4,19,15,30,798,100,536,6,16,990.0,339.70000000000005,0.1,0.136
2006,4,19,16,30,680,84,341,6,15,990.0,336.1,0.1,0.136
2006,4,19,17,30,459,55,144,7,14,990.0,334.0,0.1,0.136
2006,4,19,18,30,0,0,0,7,13,990.0,333.5,0.1,0.136
2006,4,19,19,30,0,0,0,7,13,990.0,334.8,0.1,0.136
2006,4,19,20,30,0,0,0,7,12,990.0,334.3,0.1,0.136
2006,4,19,21,30,0,0,0,7,12,990.0,333.1,0.1,0.136
2006,4,19,22,30,0,0,0,7,12,990.0,332.0,0.1,0.136
2006,4,19,23,30,0,0,0,7,11,990.0,331.20000000000005,0.1,0.136
2006,4,20,0,30,0,0,0,8,11,990.0,332.1,0.1,0.136
2006,4,20,1,30,0,0,0,8,10,990.0,333.3,0.0,0.136
2006,4,20,2,30,0,0,0,8,10,990.0,329.8,0.0,0.136
2006,4,20,3,30,0,0,0,7,9,990.0,324.0,0.0,0.136
2006,4,20,4,30,0,0,0,7,9,990.0,320.8,0.0,0.136
2006,4,20,5,30,117,29,38,7,10,990.0,320.5,0.0,0.136
2006,4,20,6,30,484,83,211,7,12,990.0,321.40000000000003,0.0,0.136
2006,4,20,7,30,688,110,416,8,14,990.0,334.3,0.0,0.136
2006,4,20,8,30,791,127,606,7,17,990.0,349.70000000000005,0.1,0.136
2006,4,20,9,30,857,135,763,6,18,990.0,356.70000000000005,0.0,0.136
2006,4,20,10,30,912,128,876,5,19,990.0,358.90000000000003,0.0,0.136
2006,4,20,11,30,935,124,927,5,20,990.0,356.40000000000003,0.0,0.136
2006,4,20,12,30,938,118,916,5,21,990.0,350.6,0.0,0.136
2006,4,20,13,30,917,115,842,6,22,990.0,344.5,0.0,0.136
2006,4,20,14,30,880,107,714,6,22,990.0,338.5,0.0,0.136
2006,4,20,15,30,812,97,544,6,21,990.0,335.0,0.0,0.136
2006,4,20,16,30,673,87,343,7,19,1000.0,335.70000000000005,0.0,0.136
2006,4,20,17,30,460,57,147,11,16,1000.0,26.400000000000002,0.2,0.136
2006,4,20,18,30,0,0,0,9,13,1000.0,24.6,0.5,0.136
2006,4,20,19,30,0,0,0,8,12,1000.0,26.200000000000003,0.5,0.136
2006,4,20,20,30,0,0,0,7,10,1000.0,86.7,0.4,0.136
2006,4,20,21,30,0,0,0,7,8,1000.0,121.4,0.1,0.136
2006,4,20,22,30,0,0,0,6,7,1000.0,126.30000000000001,0.0,0.136
2006,4,20,23,30,0,0,0,6,6,1000.0,112.80000000000001,0.0,0.136
2006,4,21,0,30,0,0,0,6,6,1000.0,99.2,0.0,0.136
2006,4,21,1,30,0,0,0,4,6,1000.0,86.10000000000001,0.0,0.136
2006,4,21,2,30,0,0,0,4,5,1000.0,79.9,0.0,0.136
2006,4,21,3,30,0,0,0,4,5,1010.0,75.2,0.0,0.136
2006,4,21,4,30,0,0,0,4,5,1010.0,71.0,0.0,0.136
2006,4,21,5,30,151,31,43,4,6,1010.0,70.8,0.0,0.136
2006,4,21,6,30,526,78,219,3,7,1010.0,71.7,0.0,0.136
2006,4,21,7,30,717,100,422,2,9,1010.0,72.7,0.0,0.136
2006,4,21,8,30,810,116,609,2,11,1010.0,72.3,0.0,0.136
2006,4,21,9,30,858,130,761,3,13,1010.0,72.3,0.0,0.136
2006,4,21,10,30,874,145,863,3,14,1010.0,75.3,0.0,0.136
2006,4,21,11,30,881,150,910,4,15,1010.0,78.80000000000001,0.0,0.136
2006,4,21,12,30,884,146,900,5,16,1010.0,81.9,0.0,0.136
2006,4,21,13,30,881,132,833,5,17,1010.0,85.60000000000001,0.0,0.136
2006,4,21,14,30,710,162,654,5,16,1010.0,89.80000000000001,0.0,0.136
2006,4,21,15,30,266,234,381,5,15,1010.0,94.0,0.0,0.136
2006,4,21,16,30,468,114,294,5,13,1010.0,97.5,0.0,0.136
2006,4,21,17,30,493,47,145,5,11,1010.0,104.60000000000001,0.0,0.136
2006,4,21,18,30,0,0,0,5,9,1010.0,111.80000000000001,0.0,0.136
2006,4,21,19,30,0,0,0,4,7,1010.0,119.4,0.0,0.136
2006,4,21,20,30,0,0,0,2,5,1010.0,128.6,0.0,0.136
2006,4,21,21,30,0,0,0,1,4,1010.0,136.20000000000002,0.0,0.136
2006,4,21,22,30,0,0,0,1,3,1010.0,137.20000000000002,0.0,0.136
2006,4,21,23,30,0,0,0,1,3,1010.0,132.4,0.0,0.136
2006,4,22,0,30,0,0,0,1,3,1010.0,126.9,0.0,0.136
2006,4,22,1,30,0,0,0,0,3,1010.0,121.2,0.0,0.136
2006,4,22,2,30,0,0,0,0,3,1010.0,117.2,0.0,0.136
2006,4,22,3,30,0,0,0,0,3,1010.0,113.0,0.0,0.136
2006,4,22,4,30,0,0,0,0,3,1010.0,108.30000000000001,0.0,0.136
2006,4,22,5,30,0,15,15,0,3,1010.0,97.30000000000001,0.0,0.136
2006,4,22,6,30,0,59,59,1,4,1010.0,85.9,0.0,0.136
2006,4,22,7,30,0,108,108,0,5,1010.0,97.80000000000001,0.0,0.136
2006,4,22,8,30,0,102,102,0,6,1010.0,107.10000000000001,0.0,0.136
2006,4,22,9,30,6,202,207,0,7,1010.0,108.80000000000001,0.0,0.136
2006,4,22,10,30,9,221,229,0,8,1010.0,113.4,0.0,0.136
2006,4,22,11,30,0,116,116,0,8,1010.0,116.0,0.0,0.136
2006,4,22,12,30,5,183,188,0,7,1010.0,116.2,0.0,0.136
2006,4,22,13,30,0,58,58,1,7,1010.0,112.60000000000001,0.0,0.136
2006,4,22,14,30,1,167,169,2,7,1010.0,105.30000000000001,0.0,0.136
2006,4,22,15,30,0,150,150,2,7,1010.0,100.2,0.0,0.136
2006,4,22,16,30,0,80,80,3,6,1010.0,96.4,0.0,0.136
2006,4,22,17,30,0,52,52,3,5,1010.0,102.5,0.0,0.136
2006,4,22,18,30,0,0,0,3,5,1010.0,108.10000000000001,0.0,0.136
2006,4,22,19,30,0,0,0,2,4,1010.0,103.5,0.0,0.13
2006,4,22,20,30,0,0,0,2,4,1010.0,97.7,0.0,0.13
2006,4,22,21,30,0,0,0,2,3,1000.0,98.30000000000001,0.0,0.13
2006,4,22,22,30,0,0,0,2,3,1000.0,99.60000000000001,0.0,0.13
2006,4,22,23,30,0,0,0,2,3,1000.0,97.7,0.0,0.13
2006,4,23,0,30,0,0,0,2,3,1000.0,95.10000000000001,0.0,0.13
2006,4,23,1,30,0,0,0,1,3,1000.0,101.0,0.0,0.13
2006,4,23,2,30,0,0,0,2,3,1000.0,105.10000000000001,0.0,0.13
2006,4,23,3,30,0,0,0,2,3,1000.0,100.0,0.0,0.13
2006,4,23,4,30,0,0,0,2,3,1000.0,99.0,0.0,0.13
2006,4,23,5,30,0,4,4,2,4,1000.0,100.10000000000001,0.0,0.13
2006,4,23,6,30,0,8,8,3,4,1000.0,101.10000000000001,0.0,0.13
2006,4,23,7,30,0,60,60,3,5,1000.0,104.10000000000001,0.0,0.13
2006,4,23,8,30,0,62,62,4,7,1000.0,108.2,0.1,0.13
2006,4,23,9,30,2,167,169,5,8,1000.0,113.30000000000001,0.1,0.13
2006,4,23,10,30,5,183,187,7,9,1000.0,116.4,0.1,0.13
2006,4,23,11,30,17,294,309,7,10,1000.0,116.10000000000001,0.1,0.13
2006,4,23,12,30,9,211,219,8,10,1000.0,115.4,0.0,0.13
2006,4,23,13,30,7,206,213,8,10,1000.0,115.0,0.0,0.13
2006,4,23,14,30,1,166,167,9,10,1000.0,111.4,0.0,0.13
2006,4,23,15,30,0,29,29,9,9,1000.0,105.0,0.0,0.13
2006,4,23,16,30,0,35,35,8,9,1000.0,101.10000000000001,0.0,0.13
2006,4,23,17,30,0,3,3,8,8,1000.0,99.2,0.0,0.13
2006,4,23,18,30,0,0,0,7,8,1000.0,99.30000000000001,0.0,0.13
2006,4,23,19,30,0,0,0,7,8,1000.0,94.9,0.0,0.13
2006,4,23,20,30,0,0,0,7,7,1000.0,80.5,0.0,0.13
2006,4,23,21,30,0,0,0,6,7,1000.0,63.7,0.0,0.13
2006,4,23,22,30,0,0,0,6,6,1000.0,44.6,0.0,0.13
2006,4,23,23,30,0,0,0,4,6,1000.0,26.900000000000002,0.0,0.13
2006,4,24,0,30,0,0,0,4,6,990.0,15.700000000000001,0.0,0.13
2006,4,24,1,30,0,0,0,4,5,990.0,12.200000000000001,0.0,0.13
2006,4,24,2,30,0,0,0,4,5,990.0,11.0,0.0,0.13
2006,4,24,3,30,0,0,0,4,5,990.0,15.5,0.0,0.13
2006,4,24,4,30,0,0,0,4,4,990.0,26.8,0.0,0.13
2006,4,24,5,30,0,1,1,4,4,990.0,11.100000000000001,0.0,0.13
2006,4,24,6,30,27,102,110,4,5,990.0,1.1,0.0,0.13
2006,4,24,7,30,0,98,98,4,6,990.0,359.1,0.0,0.13
2006,4,24,8,30,0,153,153,5,8,990.0,53.6,0.0,0.13
2006,4,24,9,30,71,339,392,6,11,990.0,80.9,0.0,0.13
2006,4,24,10,30,0,77,77,7,14,990.0,137.3,0.0,0.13
2006,4,24,11,30,35,363,394,8,16,990.0,192.0,0.0,0.13
2006,4,24,12,30,19,303,319,9,16,990.0,206.60000000000002,0.0,0.13
2006,4,24,13,30,46,347,384,9,15,990.0,221.9,0.0,0.13
2006,4,24,14,30,1,164,165,10,14,990.0,238.9,0.0,0.13
2006,4,24,15,30,114,248,312,10,13,990.0,244.3,0.0,0.13
2006,4,24,16,30,190,193,268,10,12,990.0,244.20000000000002,0.0,0.13
2006,4,24,17,30,188,74,113,9,11,990.0,255.20000000000002,0.0,0.13
2006,4,24,18,30,0,4,4,9,10,990.0,281.40000000000003,0.0,0.13
2006,4,24,19,30,0,0,0,8,9,990.0,296.6,0.0,0.13
2006,4,24,20,30,0,0,0,7,7,990.0,299.40000000000003,0.0,0.13
2006,4,24,21,30,0,0,0,4,6,990.0,295.90000000000003,0.0,0.13
2006,4,24,22,30,0,0,0,4,6,990.0,287.1,0.0,0.13
2006,4,24,23,30,0,0,0,4,6,990.0,283.5,0.0,0.13
2006,4,25,0,30,0,0,0,4,5,990.0,281.40000000000003,0.0,0.13
2006,4,25,1,30,0,0,0,4,5,990.0,278.0,0.0,0.13
2006,4,25,2,30,0,0,0,4,5,990.0,266.7,0.0,0.13
2006,4,25,3,30,0,0,0,4,5,990.0,262.8,0.0,0.13
2006,4,25,4,30,0,0,0,4,5,990.0,258.1,0.0,0.13
2006,4,25,5,30,181,38,55,5,6,990.0,257.6,0.0,0.13
2006,4,25,6,30,0,44,44,6,9,990.0,254.4,0.0,0.13
2006,4,25,7,30,0,123,123,7,11,990.0,262.0,0.0,0.13
2006,4,25,8,30,534,197,530,6,13,990.0,266.6,0.0,0.13
2006,4,25,9,30,426,300,620,7,15,990.0,260.1,0.0,0.13
2006,4,25,10,30,547,305,761,7,16,990.0,247.8,0.0,0.13
2006,4,25,11,30,807,183,888,8,17,990.0,234.3,0.0,0.13
2006,4,25,12,30,126,430,540,9,18,990.0,229.3,0.0,0.13
2006,4,25,13,30,64,368,420,9,18,990.0,228.70000000000002,0.0,0.13
2006,4,25,14,30,14,236,246,10,17,990.0,228.60000000000002,0.0,0.13
2006,4,25,15,30,7,180,184,11,15,990.0,232.0,0.0,0.13
2006,4,25,16,30,38,151,166,11,12,990.0,271.6,0.0,0.13
2006,4,25,17,30,0,18,18,9,9,990.0,306.3,0.0,0.13
2006,4,25,18,30,0,1,1,6,7,990.0,316.0,0.0,0.13
2006,4,25,19,30,0,0,0,4,6,990.0,317.1,0.0,0.13
2006,4,25,20,30,0,0,0,3,6,990.0,325.3,0.0,0.13
2006,4,25,21,30,0,0,0,2,5,990.0,333.90000000000003,0.0,0.13
2006,4,25,22,30,0,0,0,1,4,990.0,339.0,0.0,0.13
2006,4,25,23,30,0,0,0,0,3,990.0,348.40000000000003,0.0,0.13
2006,4,26,0,30,0,0,0,0,2,990.0,355.90000000000003,0.0,0.13
2006,4,26,1,30,0,0,0,-1,1,990.0,359.70000000000005,0.0,0.13
2006,4,26,2,30,0,0,0,-1,0,1000.0,1.2000000000000002,0.0,0.13
2006,4,26,3,30,0,0,0,-1,0,1000.0,358.1,0.0,0.13
2006,4,26,4,30,0,0,0,-2,0,1000.0,351.90000000000003,0.1,0.13
2006,4,26,5,30,326,35,68,-1,1,1000.0,346.90000000000003,0.1,0.13
2006,4,26,6,30,648,70,258,-3,4,1000.0,2.6,0.0,0.13
2006,4,26,7,30,791,93,464,-6,7,1000.0,10.3,0.0,0.13
2006,4,26,8,30,868,109,653,-6,9,1000.0,312.5,0.0,0.13
2006,4,26,9,30,912,119,806,-6,11,1000.0,236.4,0.0,0.13
2006,4,26,10,30,959,111,915,-4,12,1000.0,236.70000000000002,0.0,0.13
2006,4,26,11,30,963,115,960,-3,13,990.0,230.3,0.0,0.13
2006,4,26,12,30,951,117,941,-2,14,990.0,225.70000000000002,0.0,0.13
2006,4,26,13,30,934,112,867,0,14,990.0,223.20000000000002,0.0,0.13
2006,4,26,14,30,898,106,739,0,14,990.0,222.4,0.0,0.13
2006,4,26,15,30,836,96,569,1,13,990.0,221.3,0.0,0.13
2006,4,26,16,30,722,83,371,2,12,990.0,216.20000000000002,0.0,0.13
2006,4,26,17,30,511,59,169,3,10,990.0,207.8,0.0,0.13
2006,4,26,18,30,66,12,13,4,8,990.0,209.60000000000002,0.0,0.13
2006,4,26,19,30,0,0,0,3,6,990.0,213.10000000000002,0.0,0.13
2006,4,26,20,30,0,0,0,3,5,990.0,211.70000000000002,0.0,0.13
2006,4,26,21,30,0,0,0,2,4,990.0,211.9,0.0,0.13
2006,4,26,22,30,0,0,0,2,4,990.0,221.70000000000002,0.0,0.13
2006,4,26,23,30,0,0,0,2,3,990.0,229.70000000000002,0.0,0.13
2006,4,27,0,30,0,0,0,2,3,990.0,238.0,0.0,0.13
2006,4,27,1,30,0,0,0,2,2,990.0,240.8,0.1,0.13
2006,4,27,2,30,0,0,0,2,2,990.0,254.5,0.30000000000000004,0.13
2006,4,27,3,30,0,0,0,2,2,990.0,269.3,0.5,0.13
2006,4,27,4,30,0,0,0,2,2,990.0,288.2,0.5,0.13
2006,4,27,5,30,218,39,62,3,4,990.0,313.90000000000003,0.2,0.13
2006,4,27,6,30,538,83,241,4,8,990.0,353.0,0.0,0.13
2006,4,27,7,30,707,106,440,4,12,990.0,25.1,0.0,0.13
2006,4,27,8,30,800,121,625,3,15,990.0,315.40000000000003,0.0,0.13
2006,4,27,9,30,859,129,778,3,16,990.0,261.40000000000003,0.0,0.13
2006,4,27,10,30,912,122,888,4,17,990.0,258.5,0.0,0.13
2006,4,27,11,30,919,126,934,4,18,990.0,259.8,0.0,0.13
2006,4,27,12,30,914,126,920,4,18,990.0,270.5,0.0,0.13
2006,4,27,13,30,905,117,851,4,18,990.0,286.2,0.0,0.13
2006,4,27,14,30,544,233,618,5,17,990.0,302.8,0.0,0.13
2006,4,27,15,30,805,101,559,5,16,990.0,317.8,0.0,0.13
2006,4,27,16,30,685,89,364,5,15,990.0,327.70000000000005,0.0,0.13
2006,4,27,17,30,471,64,166,7,12,990.0,335.8,0.0,0.13
2006,4,27,18,30,0,14,14,7,9,1000.0,343.5,0.0,0.13
2006,4,27,19,30,0,0,0,6,9,1000.0,352.5,0.0,0.13
2006,4,27,20,30,0,0,0,6,8,1000.0,0.6000000000000001,0.0,0.13
2006,4,27,21,30,0,0,0,6,7,1000.0,8.5,0.0,0.13
2006,4,27,22,30,0,0,0,5,6,1000.0,10.9,0.0,0.13
2006,4,27,23,30,0,0,0,4,6,1000.0,10.3,0.0,0.13
2006,4,28,0,30,0,0,0,4,5,1000.0,9.200000000000001,0.0,0.13
2006,4,28,1,30,0,0,0,3,4,1000.0,13.5,0.0,0.13
2006,4,28,2,30,0,0,0,2,4,1000.0,19.1,0.0,0.13
2006,4,28,3,30,0,0,0,1,3,1000.0,21.6,0.0,0.13
2006,4,28,4,30,0,0,0,0,3,1000.0,22.8,0.0,0.13
2006,4,28,5,30,278,39,70,0,4,1000.0,21.700000000000003,0.0,0.13
2006,4,28,6,30,608,76,257,0,6,1010.0,20.5,0.0,0.13
2006,4,28,7,30,790,89,465,-2,8,1010.0,32.6,0.0,0.13
2006,4,28,8,30,873,100,653,-2,10,1010.0,31.400000000000002,0.0,0.13
2006,4,28,9,30,921,106,805,-2,11,1010.0,21.900000000000002,0.0,0.13
2006,4,28,10,30,948,110,909,-2,13,1010.0,10.200000000000001,0.0,0.13
2006,4,28,11,30,961,109,956,-2,14,1010.0,355.6,0.0,0.13
2006,4,28,12,30,959,107,943,-1,15,1010.0,345.0,0.0,0.13
2006,4,28,13,30,939,105,868,-1,15,1010.0,340.8,0.0,0.13
2006,4,28,14,30,905,99,742,0,14,1010.0,342.1,0.0,0.13
2006,4,28,15,30,844,91,573,0,13,1010.0,346.5,0.0,0.13
2006,4,28,16,30,747,76,378,1,12,1010.0,351.40000000000003,0.0,0.13
2006,4,28,17,30,556,55,177,4,10,1010.0,357.20000000000005,0.0,0.13
2006,4,28,18,30,113,14,17,4,7,1010.0,15.4,0.1,0.13
2006,4,28,19,30,0,0,0,3,5,1010.0,32.5,0.1,0.13
2006,4,28,20,30,0,0,0,3,4,1010.0,48.0,0.1,0.13
2006,4,28,21,30,0,0,0,2,4,1010.0,51.800000000000004,0.1,0.13
2006,4,28,22,30,0,0,0,2,3,1010.0,36.300000000000004,0.0,0.13
2006,4,28,23,30,0,0,0,1,3,1010.0,15.5,0.0,0.13
2006,4,29,0,30,0,0,0,1,2,1010.0,2.6,0.0,0.13
2006,4,29,1,30,0,0,0,1,1,1010.0,4.2,0.0,0.13
2006,4,29,2,30,0,0,0,0,1,1010.0,6.1000000000000005,0.0,0.13
2006,4,29,3,30,0,0,0,0,1,1010.0,9.9,0.0,0.13
2006,4,29,4,30,0,0,0,0,1,1010.0,10.600000000000001,0.0,0.13
2006,4,29,5,30,340,37,76,0,2,1010.0,9.4,0.0,0.13
2006,4,29,6,30,649,70,266,0,5,1010.0,8.3,0.0,0.13
2006,4,29,7,30,792,90,470,0,8,1010.0,21.0,0.0,0.13
2006,4,29,8,30,870,104,658,-1,11,1010.0,39.0,0.0,0.13
2006,4,29,9,30,915,113,810,-1,12,1010.0,43.300000000000004,0.0,0.13
2006,4,29,10,30,933,122,912,-1,13,1010.0,42.7,0.0,0.13
2006,4,29,11,30,945,123,959,-1,14,1010.0,42.800000000000004,0.0,0.13
2006,4,29,12,30,941,122,945,0,15,1010.0,43.5,0.0,0.13
2006,4,29,13,30,917,122,870,0,15,1010.0,42.6,0.0,0.13
2006,4,29,14,30,875,118,742,0,15,1010.0,42.0,0.0,0.13
2006,4,29,15,30,806,109,571,1,15,1010.0,41.6,0.0,0.13
2006,4,29,16,30,699,91,375,2,14,1010.0,46.7,0.0,0.13
2006,4,29,17,30,498,64,175,5,11,1010.0,63.900000000000006,0.1,0.13
2006,4,29,18,30,74,15,17,5,7,1010.0,80.10000000000001,0.2,0.13
2006,4,29,19,30,0,0,0,3,5,1010.0,92.2,0.1,0.13
2006,4,29,20,30,0,0,0,2,4,1010.0,108.9,0.1,0.13
2006,4,29,21,30,0,0,0,2,4,1010.0,129.1,0.5,0.13
2006,4,29,22,30,0,0,0,0,4,1010.0,132.4,0.4,0.13
2006,4,29,23,30,0,0,0,0,4,1010.0,57.1,0.5,0.13
2006,4,30,0,30,0,0,0,0,3,1010.0,350.70000000000005,0.7000000000000001,0.13
2006,4,30,1,30,0,0,0,0,1,1010.0,344.0,0.5,0.13
2006,4,30,2,30,0,0,0,0,1,1010.0,342.40000000000003,0.30000000000000004,0.13
2006,4,30,3,30,0,0,0,0,1,1010.0,349.6,0.2,0.13
2006,4,30,4,30,0,0,0,0,1,1010.0,356.0,0.1,0.13
2006,4,30,5,30,324,40,78,0,4,1010.0,0.8,0.0,0.13
2006,4,30,6,30,629,75,267,2,8,1010.0,1.9000000000000001,0.0,0.13
2006,4,30,7,30,772,97,470,2,11,1010.0,3.1,0.0,0.13
2006,4,30,8,30,855,110,656,0,14,1010.0,28.700000000000003,0.0,0.13
2006,4,30,9,30,903,117,808,0,15,1010.0,32.800000000000004,0.0,0.13
2006,4,30,10,30,921,126,908,1,16,1010.0,37.5,0.0,0.13
2006,4,30,11,30,929,129,953,1,17,1010.0,42.6,0.0,0.13
2006,4,30,12,30,924,128,938,2,18,1010.0,47.1,0.0,0.13
2006,4,30,13,30,897,129,863,3,18,1010.0,50.1,0.0,0.13
2006,4,30,14,30,858,122,737,3,18,1010.0,53.6,0.0,0.13
2006,4,30,15,30,795,111,569,4,17,1010.0,57.900000000000006,0.0,0.13
2006,4,30,16,30,688,93,375,5,16,1010.0,63.1,0.0,0.13
2006,4,30,17,30,488,66,177,7,12,1010.0,70.2,0.0,0.13
2006,4,30,18,30,76,16,19,7,9,1010.0,77.7,0.0,0.13
2008,4,30,19,30,0,0,0,1,2,1000.0,323.40000000000003,0.0,0.14
2008,4,30,20,30,0,0,0,0,1,1000.0,326.1,0.0,0.14
2008,4,30,21,30,0,0,0,0,1,1000.0,327.5,0.0,0.14
2008,4,30,22,30,0,0,0,0,0,1000.0,327.20000000000005,0.0,0.14
2008,4,30,23,30,0,0,0,0,0,1000.0,326.40000000000003,0.2,0.14
2008,5,1,0,30,0,0,0,-1,0,1000.0,325.5,0.30000000000000004,0.14
2008,5,1,1,30,0,0,0,-1,0,1000.0,323.5,0.5,0.14
2008,5,1,2,30,0,0,0,-2,0,1000.0,322.20000000000005,0.6000000000000001,0.14
2008,5,1,3,30,0,0,0,-2,0,1000.0,322.0,0.7000000000000001,0.14
2008,5,1,4,30,0,0,0,-3,0,1000.0,326.20000000000005,0.5,0.14
2008,5,1,5,30,269,46,79,-2,1,1010.0,332.70000000000005,0.2,0.14
2008,5,1,6,30,559,91,265,-1,5,1010.0,340.40000000000003,0.0,0.14
2008,5,1,7,30,716,117,466,-3,8,1010.0,313.90000000000003,0.0,0.14
2008,5,1,8,30,803,134,652,-4,10,1010.0,286.6,0.0,0.14
2008,5,1,9,30,855,146,803,-4,11,1000.0,269.5,0.0,0.14
2008,5,1,10,30,902,141,910,-3,12,1000.0,257.7,0.0,0.14
2008,5,1,11,30,912,143,955,-2,13,1000.0,250.9,0.0,0.14
2008,5,1,12,30,896,148,936,-1,14,1000.0,249.3,0.0,0.14
2008,5,1,13,30,852,156,856,0,15,1000.0,246.3,0.0,0.14
2008,5,1,14,30,780,161,722,0,14,1000.0,241.20000000000002,0.0,0.14
2008,5,1,15,30,274,265,424,1,13,1000.0,235.3,0.0,0.14
2008,5,1,16,30,235,164,261,3,12,1000.0,223.9,0.0,0.14
2008,5,1,17,30,130,85,115,6,10,1000.0,209.3,0.0,0.14
2008,5,1,18,30,0,8,8,6,8,1000.0,200.9,0.0,0.14
2008,5,1,19,30,0,0,0,5,7,1000.0,201.10000000000002,0.0,0.14
2008,5,1,20,30,0,0,0,5,7,1000.0,197.4,0.0,0.14
2008,5,1,21,30,0,0,0,4,6,1000.0,195.5,0.0,0.14
2008,5,1,22,30,0,0,0,4,5,1000.0,197.0,0.0,0.14
2008,5,1,23,30,0,0,0,4,5,1000.0,194.0,0.1,0.14
2008,5,2,0,30,0,0,0,4,5,1000.0,180.20000000000002,0.1,0.14
2008,5,2,1,30,0,0,0,4,5,1000.0,165.20000000000002,0.2,0.14
2008,5,2,2,30,0,0,0,4,5,1000.0,129.4,0.1,0.14
2008,5,2,3,30,0,0,0,4,5,1000.0,98.60000000000001,0.0,0.14
2008,5,2,4,30,0,0,0,4,5,1000.0,90.9,0.0,0.14
2008,5,2,5,30,0,10,10,4,6,1000.0,90.9,0.0,0.14
2008,5,2,6,30,0,9,9,6,7,1000.0,81.60000000000001,0.0,0.14
2008,5,2,7,30,0,30,30,7,9,1000.0,87.5,0.0,0.14
2008,5,2,8,30,0,46,46,8,11,1000.0,99.4,0.0,0.14
2008,5,2,9,30,0,125,125,8,12,1000.0,104.7,0.0,0.14
2008,5,2,10,30,0,131,131,8,13,1000.0,105.4,0.0,0.14
2008,5,2,11,30,0,116,116,8,13,1000.0,103.10000000000001,0.0,0.14
2008,5,2,12,30,6,178,184,9,12,1000.0,99.9,0.0,0.14
2008,5,2,13,30,7,200,207,9,12,1000.0,94.60000000000001,0.0,0.14
2008,5,2,14,30,11,226,234,9,11,1000.0,90.4,0.0,0.14
2008,5,2,15,30,0,157,157,9,11,1000.0,87.9,0.0,0.14
2008,5,2,16,30,0,59,59,9,10,1000.0,84.60000000000001,0.0,0.14
2008,5,2,17,30,0,62,62,9,10,1000.0,84.10000000000001,0.0,0.14
2008,5,2,18,30,0,4,4,8,9,1000.0,84.4,0.0,0.14
2008,5,2,19,30,0,0,0,8,8,1000.0,86.5,0.0,0.14
2008,5,2,20,30,0,0,0,7,8,1000.0,91.5,0.0,0.14
2008,5,2,21,30,0,0,0,7,8,1000.0,96.30000000000001,0.0,0.14
2008,5,2,22,30,0,0,0,7,7,1000.0,91.9,0.0,0.14
2008,5,2,23,30,0,0,0,6,7,1000.0,85.10000000000001,0.0,0.14
2008,5,3,0,30,0,0,0,6,7,1000.0,81.2,0.0,0.14
2008,5,3,1,30,0,0,0,6,6,1000.0,79.60000000000001,0.0,0.14
2008,5,3,2,30,0,0,0,4,6,1000.0,79.4,0.0,0.14
2008,5,3,3,30,0,0,0,4,6,1000.0,81.30000000000001,0.0,0.14
2008,5,3,4,30,0,0,0,4,6,1000.0,82.9,0.0,0.14
2008,5,3,5,30,0,3,3,4,6,1000.0,83.7,0.0,0.14
2008,5,3,6,30,0,35,35,5,6,1000.0,87.9,0.0,0.14
2008,5,3,7,30,0,41,41,5,7,1000.0,96.0,0.0,0.14
2008,5,3,8,30,0,50,50,5,8,1000.0,104.2,0.0,0.14
2008,5,3,9,30,1,155,156,5,9,1000.0,108.7,0.0,0.14
2008,5,3,10,30,6,184,190,5,9,1000.0,109.80000000000001,0.0,0.14
2008,5,3,11,30,2,152,154,6,10,1000.0,108.0,0.0,0.14
2008,5,3,12,30,14,275,288,6,10,1000.0,108.9,0.0,0.14
2008,5,3,13,30,1,150,152,6,10,1000.0,110.10000000000001,0.0,0.14
2008,5,3,14,30,0,110,110,7,10,1000.0,109.5,0.0,0.14
2008,5,3,15,30,0,118,118,7,9,1000.0,108.30000000000001,0.0,0.14
2008,5,3,16,30,0,49,49,7,9,1000.0,105.5,0.0,0.14
2008,5,3,17,30,0,31,31,7,8,1000.0,105.10000000000001,0.0,0.14
2008,5,3,18,30,0,12,12,6,7,1000.0,105.5,0.0,0.14
2008,5,3,19,30,0,0,0,6,7,1000.0,105.2,0.0,0.14
2008,5,3,20,30,0,0,0,6,6,1000.0,102.5,0.0,0.14
2008,5,3,21,30,0,0,0,5,6,1000.0,100.9,0.0,0.14
2008,5,3,22,30,0,0,0,4,6,1000.0,97.9,0.0,0.14
2008,5,3,23,30,0,0,0,4,6,1000.0,95.9,0.0,0.14
2008,5,4,0,30,0,0,0,4,6,1000.0,93.5,0.0,0.14
2008,5,4,1,30,0,0,0,4,6,1000.0,93.30000000000001,0.0,0.14
2008,5,4,2,30,0,0,0,4,6,1000.0,96.60000000000001,0.0,0.14
2008,5,4,3,30,0,0,0,4,6,1000.0,93.5,0.0,0.14
2008,5,4,4,30,0,0,0,6,6,1000.0,89.5,0.0,0.14
2008,5,4,5,30,0,2,2,6,7,1000.0,100.0,0.0,0.14
2008,5,4,6,30,0,52,52,7,7,1000.0,86.60000000000001,0.0,0.14
2008,5,4,7,30,3,156,158,8,9,1000.0,64.5,0.0,0.14
2008,5,4,8,30,0,86,86,9,11,1000.0,70.7,0.0,0.14
2008,5,4,9,30,4,174,178,10,13,1000.0,353.40000000000003,0.0,0.14
2008,5,4,10,30,8,207,215,10,15,1000.0,326.5,0.0,0.14
2008,5,4,11,30,34,371,402,10,16,1000.0,330.40000000000003,0.0,0.14
2008,5,4,12,30,30,355,382,10,17,1000.0,332.3,0.0,0.14
2008,5,4,13,30,790,178,833,11,16,1000.0,332.5,0.0,0.14
2008,5,4,14,30,734,176,710,11,15,1000.0,332.1,0.0,0.14
2008,5,4,15,30,662,159,548,11,14,1000.0,335.8,0.0,0.14
2008,5,4,16,30,563,126,364,10,14,1000.0,343.0,0.0,0.14
2008,5,4,17,30,406,80,178,11,12,1000.0,350.5,0.1,0.14
2008,5,4,18,30,85,20,25,9,10,1000.0,340.40000000000003,0.30000000000000004,0.14
2008,5,4,19,30,0,0,0,8,8,1000.0,346.70000000000005,0.4,0.14
2008,5,4,20,30,0,0,0,7,7,1000.0,351.3,0.2,0.14
2008,5,4,21,30,0,0,0,7,7,1000.0,355.20000000000005,0.0,0.14
2008,5,4,22,30,0,0,0,6,7,1000.0,332.6,0.0,0.14
2008,5,4,23,30,0,0,0,4,6,1000.0,331.1,0.0,0.14
2008,5,5,0,30,0,0,0,4,5,1000.0,328.1,0.0,0.14
2008,5,5,1,30,0,0,0,2,4,1000.0,327.0,0.0,0.14
2008,5,5,2,30,0,0,0,2,3,1000.0,331.3,0.0,0.14
2008,5,5,3,30,0,0,0,2,2,1000.0,335.1,0.0,0.14
2008,5,5,4,30,0,0,0,2,2,1000.0,338.40000000000003,0.0,0.14
2008,5,5,5,30,281,52,91,2,4,1000.0,339.90000000000003,0.0,0.14
2008,5,5,6,30,555,96,276,2,7,1000.0,341.6,0.0,0.14
2008,5,5,7,30,717,118,477,3,10,1000.0,358.20000000000005,0.0,0.14
2008,5,5,8,30,790,139,657,4,13,1000.0,15.0,0.0,0.14
2008,5,5,9,30,838,151,804,4,16,1000.0,8.8,0.0,0.14
2008,5,5,10,30,912,130,917,4,17,1000.0,350.5,0.0,0.14
2008,5,5,11,30,908,140,957,4,18,1000.0,320.6,0.0,0.14
2008,5,5,12,30,894,144,940,5,19,1000.0,302.5,0.0,0.14
2008,5,5,13,30,897,127,872,5,20,1000.0,293.0,0.0,0.14
2008,5,5,14,30,860,121,747,6,19,1000.0,288.7,0.0,0.14
2008,5,5,15,30,793,112,580,7,19,1000.0,287.40000000000003,0.0,0.14
2008,5,5,16,30,670,101,385,8,18,1000.0,291.2,0.0,0.14
2008,5,5,17,30,438,65,172,10,16,1000.0,299.90000000000003,0.4,0.14
2008,5,5,18,30,69,22,26,9,14,1000.0,292.2,0.7000000000000001,0.14
2008,5,5,19,30,0,0,0,7,13,1000.0,278.1,0.6000000000000001,0.14
2008,5,5,20,30,0,0,0,6,12,1000.0,263.1,0.5,0.14
2008,5,5,21,30,0,0,0,7,11,1000.0,260.90000000000003,0.5,0.14
2008,5,5,22,30,0,0,0,7,10,1000.0,263.0,0.5,0.14
2008,5,5,23,30,0,0,0,7,9,1000.0,266.8,0.5,0.14
2008,5,6,0,30,0,0,0,7,8,1000.0,273.40000000000003,0.5,0.14
2008,5,6,1,30,0,0,0,6,8,1000.0,281.7,0.5,0.14
2008,5,6,2,30,0,0,0,6,7,1000.0,291.3,0.5,0.14
2008,5,6,3,30,0,0,0,6,7,1000.0,302.1,0.6000000000000001,0.14
2008,5,6,4,30,0,0,0,5,7,1000.0,309.70000000000005,0.5,0.14
2008,5,6,5,30,38,51,57,6,9,1000.0,319.1,0.1,0.14
2008,5,6,6,30,492,106,267,7,12,1000.0,332.6,0.0,0.14
2008,5,6,7,30,461,166,398,7,15,1000.0,322.0,0.0,0.14
2008,5,6,8,30,591,190,579,6,18,1000.0,325.3,0.0,0.14
2008,5,6,9,30,619,240,724,6,19,1000.0,324.0,0.0,0.14
2008,5,6,10,30,845,160,891,6,20,1000.0,320.70000000000005,0.0,0.14
2008,5,6,11,30,843,170,931,7,21,1000.0,319.1,0.0,0.14
2008,5,6,12,30,500,353,798,7,21,1000.0,317.1,0.0,0.14
2008,5,6,13,30,61,377,429,8,21,1000.0,313.90000000000003,0.0,0.14
2008,5,6,14,30,3,176,179,9,21,1000.0,310.8,0.0,0.14
2008,5,6,15,30,0,133,133,10,20,1000.0,308.90000000000003,0.0,0.14
2008,5,6,16,30,325,158,296,12,19,1000.0,305.1,0.0,0.14
2008,5,6,17,30,377,87,179,13,16,1000.0,302.3,0.0,0.14
2008,5,6,18,30,63,23,27,12,14,1000.0,301.7,0.0,0.14
2008,5,6,19,30,0,0,0,10,12,1000.0,303.8,0.0,0.14
2008,5,6,20,30,0,0,0,9,11,1000.0,304.6,0.0,0.14
2008,5,6,21,30,0,0,0,8,10,1000.0,305.3,0.0,0.14
2008,5,6,22,30,0,0,0,8,10,1000.0,309.70000000000005,0.0,0.14
2008,5,6,23,30,0,0,0,7,9,1000.0,313.90000000000003,0.0,0.14
2008,5,7,0,30,0,0,0,7,8,1000.0,313.70000000000005,0.0,0.14
2008,5,7,1,30,0,0,0,6,7,1000.0,311.40000000000003,0.0,0.14
2008,5,7,2,30,0,0,0,6,7,1000.0,314.0,0.0,0.14
2008,5,7,3,30,0,0,0,4,6,1000.0,317.6,0.0,0.14
2008,5,7,4,30,0,0,0,4,6,1000.0,320.1,0.0,0.14
2008,5,7,5,30,286,52,94,5,8,1000.0,322.8,0.0,0.14
2008,5,7,6,30,560,93,278,5,11,1000.0,319.90000000000003,0.0,0.14
2008,5,7,7,30,714,115,476,5,14,1000.0,332.3,0.0,0.14
2008,5,7,8,30,805,127,659,5,16,1000.0,332.1,0.0,0.14
2008,5,7,9,30,855,136,807,5,17,1000.0,314.1,0.0,0.14
2008,5,7,10,30,460,345,744,5,19,1000.0,303.2,0.0,0.14
2008,5,7,11,30,553,342,842,6,20,1000.0,293.1,0.0,0.14
2008,5,7,12,30,464,361,776,6,21,990.0,286.0,0.0,0.14
2008,5,7,13,30,591,282,775,7,21,990.0,275.3,0.0,0.14
2008,5,7,14,30,275,334,536,9,21,990.0,257.6,0.0,0.14
2008,5,7,15,30,284,253,422,10,20,990.0,227.10000000000002,0.0,0.14
2008,5,7,16,30,317,160,296,11,19,990.0,200.9,0.0,0.14
2008,5,7,17,30,183,90,136,13,16,990.0,185.0,0.0,0.14
2008,5,7,18,30,0,20,20,12,14,990.0,181.70000000000002,0.0,0.14
2008,5,7,19,30,0,0,0,11,13,990.0,188.10000000000002,0.0,0.14
2008,5,7,20,30,0,0,0,10,12,990.0,185.4,0.0,0.14
2008,5,7,21,30,0,0,0,9,12,990.0,188.0,0.0,0.14
2008,5,7,22,30,0,0,0,9,12,990.0,194.4,0.0,0.14
2008,5,7,23,30,0,0,0,9,12,990.0,189.3,0.0,0.14
2008,5,8,0,30,0,0,0,10,12,990.0,184.70000000000002,0.0,0.14
2008,5,8,1,30,0,0,0,11,12,990.0,192.8,0.0,0.14
2008,5,8,2,30,0,0,0,11,12,990.0,198.60000000000002,0.0,0.14
2008,5,8,3,30,0,0,0,11,13,990.0,195.60000000000002,0.0,0.14
2008,5,8,4,30,0,0,0,13,13,990.0,203.5,0.0,0.14
2008,5,8,5,30,2,49,49,13,14,990.0,213.10000000000002,0.0,0.14
2008,5,8,6,30,0,50,50,14,15,990.0,203.3,0.0,0.14
2008,5,8,7,30,0,133,133,14,16,990.0,210.8,0.0,0.14
2008,5,8,8,30,4,182,185,15,17,990.0,224.0,0.0,0.14
2008,5,8,9,30,362,344,628,16,18,980.0,229.4,0.0,0.14
2008,5,8,10,30,125,430,539,16,19,980.0,235.3,0.0,0.14
2008,5,8,11,30,96,444,532,16,19,980.0,241.60000000000002,0.0,0.14
2008,5,8,12,30,284,433,688,15,20,980.0,258.8,0.0,0.14
2008,5,8,13,30,534,308,755,14,21,990.0,274.7,0.0,0.14
2008,5,8,14,30,376,310,586,13,20,990.0,285.0,0.0,0.14
2008,5,8,15,30,195,267,384,11,19,990.0,294.2,0.0,0.14
2008,5,8,16,30,112,179,228,10,18,990.0,301.3,0.0,0.14
2008,5,8,17,30,0,84,84,10,16,990.0,306.1,0.0,0.14
2008,5,8,18,30,0,14,14,10,14,990.0,307.40000000000003,0.0,0.14
2008,5,8,19,30,0,0,0,10,12,990.0,309.0,0.0,0.14
2008,5,8,20,30,0,0,0,9,11,990.0,310.8,0.0,0.14
2008,5,8,21,30,0,0,0,9,10,990.0,311.6,0.0,0.14
2008,5,8,22,30,0,0,0,8,10,990.0,313.90000000000003,0.0,0.14
2008,5,8,23,30,0,0,0,8,9,990.0,322.40000000000003,0.0,0.14
2008,5,9,0,30,0,0,0,8,8,990.0,334.1,0.0,0.14
2008,5,9,1,30,0,0,0,7,8,990.0,349.5,0.0,0.14
2008,5,9,2,30,0,0,0,7,7,990.0,4.5,0.0,0.14
2008,5,9,3,30,0,0,0,7,7,990.0,9.700000000000001,0.0,0.14
2008,5,9,4,30,0,0,0,7,8,990.0,10.100000000000001,0.0,0.14
2008,5,9,5,30,0,25,25,7,8,990.0,17.8,0.0,0.14
2008,5,9,6,30,0,86,86,7,9,990.0,30.8,0.0,0.14
2008,5,9,7,30,8,169,173,7,10,990.0,45.7,0.0,0.14
2008,5,9,8,30,0,138,138,6,11,990.0,66.10000000000001,0.0,0.14
2008,5,9,9,30,12,242,252,6,12,990.0,75.10000000000001,0.0,0.14
2008,5,9,10,30,11,237,247,6,12,990.0,76.4,0.0,0.14
2008,5,9,11,30,10,216,226,7,12,990.0,82.60000000000001,0.0,0.14
2008,5,9,12,30,16,290,305,7,11,990.0,80.10000000000001,0.0,0.14
2008,5,9,13,30,4,168,172,8,11,990.0,66.5,0.0,0.14
2008,5,9,14,30,1,154,155,8,10,990.0,55.900000000000006,0.0,0.14
2008,5,9,15,30,10,197,203,8,9,990.0,47.300000000000004,0.0,0.14
2008,5,9,16,30,0,17,17,8,9,990.0,38.6,0.0,0.14
2008,5,9,17,30,17,89,93,7,8,990.0,31.1,0.0,0.14
2008,5,9,18,30,0,17,17,7,8,990.0,33.2,0.0,0.14
2008,5,9,19,30,0,0,0,7,7,990.0,34.5,0.0,0.14
2008,5,9,20,30,0,0,0,6,7,990.0,33.4,0.0,0.14
2008,5,9,21,30,0,0,0,6,7,990.0,26.8,0.0,0.14
2008,5,9,22,30,0,0,0,6,6,990.0,18.8,0.0,0.14
2008,5,9,23,30,0,0,0,5,6,990.0,14.700000000000001,0.0,0.14
2008,5,10,0,30,0,0,0,5,6,990.0,14.5,0.0,0.14
2008,5,10,1,30,0,0,0,5,6,990.0,16.7,0.0,0.14
2008,5,10,2,30,0,0,0,4,6,990.0,15.200000000000001,0.0,0.14
2008,5,10,3,30,0,0,0,4,6,990.0,12.4,0.0,0.14
2008,5,10,4,30,0,0,0,4,6,990.0,14.0,0.0,0.14
2008,5,10,5,30,337,45,97,5,7,990.0,13.700000000000001,0.0,0.14
2008,5,10,6,30,431,102,248,5,9,990.0,13.3,0.0,0.14
2008,5,10,7,30,423,180,398,5,11,990.0,20.0,0.0,0.14
2008,5,10,8,30,241,302,463,5,13,990.0,23.1,0.0,0.14
2008,5,10,9,30,187,383,531,6,14,990.0,22.6,0.0,0.14
2008,5,10,10,30,509,339,783,6,15,990.0,19.900000000000002,0.0,0.14
2008,5,10,11,30,456,375,790,6,16,990.0,15.5,0.0,0.14
2008,5,10,12,30,489,362,802,6,17,990.0,11.700000000000001,0.0,0.14
2008,5,10,13,30,524,312,753,7,17,990.0,7.4,0.0,0.14
2008,5,10,14,30,784,153,733,7,18,990.0,3.0,0.0,0.14
2008,5,10,15,30,741,128,574,8,17,990.0,1.2000000000000002,0.0,0.14
2008,5,10,16,30,452,138,336,9,16,990.0,357.20000000000005,0.0,0.14
2008,5,10,17,30,466,77,196,10,14,990.0,352.8,0.1,0.14
2008,5,10,18,30,127,28,37,11,12,990.0,37.6,0.2,0.14
2008,5,10,19,30,0,0,0,9,10,990.0,40.2,0.2,0.14
2008,5,10,20,30,0,0,0,9,9,990.0,28.1,0.2,0.14
2008,5,10,21,30,0,0,0,8,8,990.0,8.200000000000001,0.2,0.14
2008,5,10,22,30,0,0,0,7,7,990.0,6.2,0.30000000000000004,0.14
2008,5,10,23,30,0,0,0,6,7,990.0,7.4,0.4,0.14
2008,5,11,0,30,0,0,0,6,6,990.0,8.1,0.5,0.14
2008,5,11,1,30,0,0,0,4,6,990.0,10.0,0.5,0.14
2008,5,11,2,30,0,0,0,4,6,990.0,11.200000000000001,0.5,0.14
2008,5,11,3,30,0,0,0,4,6,1000.0,14.700000000000001,0.5,0.14
2008,5,11,4,30,0,0,0,4,6,1000.0,28.700000000000003,0.30000000000000004,0.14
2008,5,11,5,30,270,59,102,6,8,1000.0,45.300000000000004,0.1,0.14
2008,5,11,6,30,541,101,286,6,10,1000.0,74.8,0.0,0.14
2008,5,11,7,30,721,116,489,6,12,1000.0,70.9,0.0,0.14
2008,5,11,8,30,811,128,672,5,14,1000.0,60.6,0.0,0.14
2008,5,11,9,30,862,137,820,5,15,990.0,65.60000000000001,0.0,0.14
2008,5,11,10,30,904,133,924,5,17,990.0,83.10000000000001,0.0,0.14
2008,5,11,11,30,910,137,966,5,18,990.0,106.7,0.0,0.14
2008,5,11,12,30,892,145,948,5,18,990.0,131.3,0.0,0.14
2008,5,11,13,30,855,152,872,6,17,990.0,131.70000000000002,0.0,0.14
2008,5,11,14,30,785,160,742,7,16,990.0,138.3,0.0,0.14
2008,5,11,15,30,640,150,537,8,15,990.0,141.4,0.0,0.14
2008,5,11,16,30,250,175,285,8,14,990.0,138.1,0.0,0.14
2008,5,11,17,30,117,97,128,7,12,990.0,136.70000000000002,0.0,0.14
2008,5,11,18,30,0,24,24,6,10,990.0,130.0,0.0,0.14
2008,5,11,19,30,0,0,0,5,8,990.0,122.5,0.0,0.14
2008,5,11,20,30,0,0,0,5,7,990.0,110.10000000000001,0.0,0.14
2008,5,11,21,30,0,0,0,5,7,990.0,102.10000000000001,0.0,0.14
2008,5,11,22,30,0,0,0,4,6,990.0,93.60000000000001,0.0,0.14
2008,5,11,23,30,0,0,0,4,6,990.0,85.10000000000001,0.0,0.14
2008,5,12,0,30,0,0,0,4,6,990.0,77.9,0.0,0.14
2008,5,12,1,30,0,0,0,4,6,990.0,76.7,0.0,0.14
2008,5,12,2,30,0,0,0,4,6,990.0,76.4,0.0,0.14
2008,5,12,3,30,0,0,0,4,6,990.0,74.3,0.0,0.14
2008,5,12,4,30,0,0,0,4,6,990.0,85.30000000000001,0.0,0.14
2008,5,12,5,30,0,34,34,4,6,990.0,70.10000000000001,0.0,0.14
2008,5,12,6,30,0,100,100,4,6,990.0,58.800000000000004,0.0,0.14
2008,5,12,7,30,0,107,107,3,7,990.0,56.2,0.0,0.14
2008,5,12,8,30,2,170,171,3,8,990.0,59.800000000000004,0.0,0.14
2008,5,12,9,30,22,292,309,2,8,990.0,66.4,0.0,0.14
2008,5,12,10,30,63,403,458,2,9,990.0,58.5,0.0,0.14
2008,5,12,11,30,176,461,622,2,9,990.0,49.400000000000006,0.0,0.14
2008,5,12,12,30,200,452,634,2,9,990.0,41.2,0.1,0.14
2008,5,12,13,30,56,378,426,2,9,990.0,37.0,0.1,0.14
2008,5,12,14,30,190,353,495,2,9,990.0,38.900000000000006,0.0,0.14
2008,5,12,15,30,69,260,302,2,9,990.0,42.300000000000004,0.0,0.14
2008,5,12,16,30,74,180,212,2,9,990.0,45.1,0.0,0.14
2008,5,12,17,30,172,97,142,3,8,990.0,45.6,0.0,0.14
2008,5,12,18,30,27,27,29,3,7,990.0,42.900000000000006,0.0,0.14
2008,5,12,19,30,0,0,0,4,7,990.0,35.2,0.0,0.14
2008,5,12,20,30,0,0,0,4,7,990.0,28.0,0.0,0.14
2008,5,12,21,30,0,0,0,5,7,990.0,22.400000000000002,0.0,0.14
2008,5,12,22,30,0,0,0,5,6,990.0,20.200000000000003,0.0,0.14
2008,5,12,23,30,0,0,0,5,6,990.0,17.5,0.0,0.14
2008,5,13,0,30,0,0,0,4,6,1000.0,14.0,0.0,0.14
2008,5,13,1,30,0,0,0,4,6,1000.0,9.200000000000001,0.0,0.14
2008,5,13,2,30,0,0,0,4,6,1000.0,6.7,0.0,0.14
2008,5,13,3,30,0,0,0,5,6,1000.0,5.300000000000001,0.0,0.14
2008,5,13,4,30,0,0,0,5,6,1000.0,3.9000000000000004,0.0,0.14
2008,5,13,5,30,316,59,110,5,7,1000.0,1.3,0.0,0.14
2008,5,13,6,30,575,96,296,5,9,1000.0,3.3000000000000003,0.0,0.14
2008,5,13,7,30,726,115,494,4,11,1000.0,19.8,0.0,0.14
2008,5,13,8,30,605,191,599,3,12,1000.0,27.400000000000002,0.0,0.14
2008,5,13,9,30,861,135,821,3,14,1000.0,29.3,0.0,0.14
2008,5,13,10,30,494,343,777,3,15,1000.0,29.700000000000003,0.0,0.14
2008,5,13,11,30,457,375,794,3,16,1000.0,30.5,0.0,0.14
2008,5,13,12,30,511,357,819,4,16,1000.0,28.900000000000002,0.0,0.14
2008,5,13,13,30,838,159,868,5,16,1000.0,24.0,0.0,0.14
2008,5,13,14,30,822,138,751,5,16,1000.0,15.200000000000001,0.0,0.14
2008,5,13,15,30,790,114,595,7,16,1000.0,7.300000000000001,0.0,0.14
2008,5,13,16,30,714,92,408,8,16,1000.0,2.0,0.0,0.14
2008,5,13,17,30,553,67,213,10,15,1000.0,8.0,0.30000000000000004,0.14
2008,5,13,18,30,199,29,45,9,13,1000.0,14.200000000000001,0.8,0.14
2008,5,13,19,30,0,0,0,6,13,1000.0,17.900000000000002,0.9,0.14
2008,5,13,20,30,0,0,0,5,12,1000.0,16.8,0.9,0.14
2008,5,13,21,30,0,0,0,5,10,1000.0,20.3,0.8,0.14
2008,5,13,22,30,0,0,0,5,9,1000.0,27.8,0.8,0.14
2008,5,13,23,30,0,0,0,6,8,1000.0,35.4,0.8,0.14
2008,5,14,0,30,0,0,0,6,7,1000.0,40.0,0.8,0.14
2008,5,14,1,30,0,0,0,6,6,1000.0,42.400000000000006,0.8,0.14
2008,5,14,2,30,0,0,0,4,6,1000.0,44.300000000000004,0.8,0.14
2008,5,14,3,30,0,0,0,4,5,1000.0,48.5,0.7000000000000001,0.14
2008,5,14,4,30,0,0,0,4,6,1000.0,57.6,0.30000000000000004,0.14
2008,5,14,5,30,349,54,112,6,8,1000.0,65.4,0.0,0.14
2008,5,14,6,30,595,88,297,6,11,1000.0,81.30000000000001,0.0,0.14
2008,5,14,7,30,741,106,494,5,14,1000.0,102.80000000000001,0.0,0.14
2008,5,14,8,30,815,120,672,5,17,1000.0,120.4,0.0,0.14
2008,5,14,9,30,857,132,816,5,19,1000.0,121.30000000000001,0.0,0.14
2008,5,14,10,30,889,134,917,5,20,1000.0,114.9,0.0,0.14
2008,5,14,11,30,894,139,959,6,21,1000.0,137.6,0.0,0.14
2008,5,14,12,30,889,139,944,7,22,1000.0,193.8,0.0,0.14
2008,5,14,13,30,862,140,871,7,22,1000.0,197.9,0.0,0.14
2008,5,14,14,30,826,132,749,8,21,1000.0,187.3,0.0,0.14
2008,5,14,15,30,468,212,497,9,20,1000.0,191.5,0.0,0.14
2008,5,14,16,30,380,156,326,10,19,1000.0,192.10000000000002,0.0,0.14
2008,5,14,17,30,345,84,176,12,16,1000.0,184.0,0.0,0.14
2008,5,14,18,30,68,31,36,11,14,1000.0,176.9,0.0,0.14
2008,5,14,19,30,0,0,0,10,12,1000.0,172.10000000000002,0.0,0.14
2008,5,14,20,30,0,0,0,9,11,1000.0,175.9,0.0,0.14
2008,5,14,21,30,0,0,0,8,10,1000.0,182.20000000000002,0.0,0.14
2008,5,14,22,30,0,0,0,7,9,1000.0,192.8,0.0,0.14
2008,5,14,23,30,0,0,0,7,9,1000.0,204.8,0.0,0.14
2008,5,15,0,30,0,0,0,6,8,1000.0,207.60000000000002,0.0,0.14
2008,5,15,1,30,0,0,0,6,8,1000.0,208.10000000000002,0.0,0.14
2008,5,15,2,30,0,0,0,6,8,1000.0,203.3,0.0,0.14
2008,5,15,3,30,0,0,0,6,7,1000.0,196.0,0.0,0.14
2008,5,15,4,30,0,0,0,6,7,1000.0,192.60000000000002,0.0,0.14
2008,5,15,5,30,142,59,83,6,9,1000.0,186.0,0.0,0.14
2008,5,15,6,30,0,38,38,6,11,1000.0,176.10000000000002,0.0,0.14
2008,5,15,7,30,0,29,29,7,13,1000.0,185.0,0.0,0.14
2008,5,15,8,30,21,246,261,8,15,1000.0,180.60000000000002,0.0,0.14
2008,5,15,9,30,16,270,284,10,17,1000.0,180.10000000000002,0.0,0.14
2008,5,15,10,30,15,283,297,11,18,1000.0,204.3,0.0,0.14
2008,5,15,11,30,300,441,716,11,18,1000.0,210.9,0.0,0.14
2008,5,15,12,30,13,261,273,12,19,1000.0,221.9,0.0,0.14
2008,5,15,13,30,22,313,332,12,19,1000.0,242.8,0.0,0.14
2008,5,15,14,30,0,89,89,13,18,1000.0,268.3,0.0,0.14
2008,5,15,15,30,0,152,152,13,18,1000.0,288.1,0.0,0.14
2008,5,15,16,30,0,141,141,14,18,1000.0,293.90000000000003,0.0,0.14
2008,5,15,17,30,197,98,152,14,17,1000.0,290.8,0.1,0.14
2008,5,15,18,30,32,30,33,14,15,1000.0,291.6,0.4,0.14
2008,5,15,19,30,0,0,0,11,13,1000.0,304.3,0.5,0.149
2008,5,15,20,30,0,0,0,11,12,1000.0,315.6,0.4,0.149
2008,5,15,21,30,0,0,0,9,11,1000.0,330.20000000000005,0.2,0.149
2008,5,15,22,30,0,0,0,9,11,1000.0,341.20000000000005,0.0,0.149
2008,5,15,23,30,0,0,0,9,10,1000.0,4.7,0.0,0.149
2008,5,16,0,30,0,0,0,9,10,1000.0,5.9,0.0,0.149
2008,5,16,1,30,0,0,0,9,9,990.0,10.0,0.0,0.149
2008,5,16,2,30,0,0,0,9,9,990.0,12.4,0.0,0.149
2008,5,16,3,30,0,0,0,8,9,990.0,9.200000000000001,0.0,0.149
2008,5,16,4,30,0,0,0,8,9,990.0,7.9,0.0,0.149
2008,5,16,5,30,62,60,71,8,9,990.0,13.8,0.0,0.149
2008,5,16,6,30,78,139,167,8,11,990.0,17.8,0.0,0.149
2008,5,16,7,30,32,202,219,8,12,990.0,13.8,0.0,0.149
2008,5,16,8,30,8,203,209,7,14,990.0,51.5,0.0,0.149
2008,5,16,9,30,10,227,235,6,15,990.0,79.7,0.0,0.149
2008,5,16,10,30,1,144,145,6,16,990.0,96.5,0.0,0.149
2008,5,16,11,30,22,334,355,6,16,990.0,95.4,0.0,0.149
2008,5,16,12,30,3,150,153,7,16,990.0,79.10000000000001,0.0,0.149
2008,5,16,13,30,0,111,111,7,15,990.0,60.1,0.0,0.149
2008,5,16,14,30,0,121,121,8,14,990.0,49.1,0.0,0.149
2008,5,16,15,30,0,85,85,8,13,990.0,45.400000000000006,0.0,0.149
2008,5,16,16,30,0,26,26,8,12,990.0,35.9,0.0,0.149
2008,5,16,17,30,0,21,21,9,11,990.0,24.1,0.0,0.149
2008,5,16,18,30,0,4,4,9,9,990.0,22.5,0.0,0.149
2008,5,16,19,30,0,0,0,8,8,990.0,19.0,0.0,0.149
2008,5,16,20,30,0,0,0,7,7,990.0,6.1000000000000005,0.0,0.149
2008,5,16,21,30,0,0,0,6,6,980.0,1.3,0.0,0.149
2008,5,16,22,30,0,0,0,4,6,980.0,3.4000000000000004,0.0,0.149
2008,5,16,23,30,0,0,0,4,6,980.0,356.70000000000005,0.0,0.149
2008,5,17,0,30,0,0,0,4,6,980.0,342.40000000000003,0.0,0.149
2008,5,17,1,30,0,0,0,6,6,980.0,326.6,0.0,0.149
2008,5,17,2,30,0,0,0,6,7,980.0,319.0,0.0,0.149
2008,5,17,3,30,0,0,0,6,7,980.0,316.90000000000003,0.0,0.149
2008,5,17,4,30,0,0,0,7,7,980.0,320.3,0.0,0.149
2008,5,17,5,30,296,53,105,7,8,980.0,315.8,0.0,0.149
2008,5,17,6,30,296,128,234,7,10,980.0,305.2,0.0,0.149
2008,5,17,7,30,654,118,465,7,12,980.0,306.40000000000003,0.0,0.149
2008,5,17,8,30,849,110,689,6,15,980.0,312.1,0.0,0.149
2008,5,17,9,30,900,116,838,6,16,980.0,313.40000000000003,0.0,0.149
2008,5,17,10,30,937,113,942,5,17,980.0,311.5,0.0,0.149
2008,5,17,11,30,945,114,985,5,18,980.0,307.5,0.0,0.149
2008,5,17,12,30,934,115,965,6,19,980.0,300.2,0.0,0.149
2008,5,17,13,30,897,121,886,6,20,980.0,288.90000000000003,0.0,0.149
2008,5,17,14,30,829,130,754,7,20,980.0,272.0,0.0,0.149
2008,5,17,15,30,735,131,584,9,19,980.0,252.4,0.0,0.149
2008,5,17,16,30,0,76,76,10,18,980.0,236.10000000000002,0.0,0.149
2008,5,17,17,30,0,7,7,11,16,980.0,232.9,0.0,0.149
2008,5,17,18,30,0,1,1,12,14,980.0,238.8,0.0,0.149
2008,5,17,19,30,0,0,0,12,14,980.0,236.5,0.0,0.149
2008,5,17,20,30,0,0,0,11,13,980.0,238.60000000000002,0.0,0.149
2008,5,17,21,30,0,0,0,11,12,980.0,245.60000000000002,0.0,0.149
2008,5,17,22,30,0,0,0,11,12,980.0,251.60000000000002,0.0,0.149
2008,5,17,23,30,0,0,0,11,12,980.0,245.4,0.0,0.149
2008,5,18,0,30,0,0,0,9,11,980.0,246.9,0.0,0.149
2008,5,18,1,30,0,0,0,9,10,980.0,251.60000000000002,0.0,0.149
2008,5,18,2,30,0,0,0,8,9,980.0,259.90000000000003,0.0,0.149
2008,5,18,3,30,0,0,0,8,8,980.0,264.1,0.0,0.149
2008,5,18,4,30,0,0,0,8,8,980.0,265.7,0.0,0.149
2008,5,18,5,30,393,56,126,8,9,980.0,270.90000000000003,0.0,0.149
2008,5,18,6,30,639,86,315,8,11,980.0,281.1,0.0,0.149
2008,5,18,7,30,786,97,514,7,14,980.0,291.7,0.0,0.149
2008,5,18,8,30,861,104,693,5,15,980.0,279.3,0.0,0.149
2008,5,18,9,30,522,291,711,5,16,980.0,260.3,0.0,0.149
2008,5,18,10,30,260,432,663,5,16,980.0,235.8,0.0,0.149
2008,5,18,11,30,111,460,563,5,16,980.0,223.4,0.0,0.149
2008,5,18,12,30,25,348,372,6,16,980.0,235.9,0.0,0.149
2008,5,18,13,30,0,114,114,7,16,980.0,226.0,0.0,0.149
2008,5,18,14,30,4,169,172,7,15,980.0,196.10000000000002,0.0,0.149
2008,5,18,15,30,0,155,155,8,14,980.0,182.5,0.0,0.149
2008,5,18,16,30,0,96,96,9,13,980.0,175.10000000000002,0.0,0.149
2008,5,18,17,30,0,3,3,9,11,980.0,167.8,0.0,0.149
2008,5,18,18,30,0,0,0,9,11,980.0,175.5,0.0,0.149
2008,5,18,19,30,0,0,0,9,11,980.0,191.70000000000002,0.0,0.149
2008,5,18,20,30,0,0,0,9,10,980.0,223.20000000000002,0.0,0.149
2008,5,18,21,30,0,0,0,9,9,980.0,238.20000000000002,0.0,0.149
2008,5,18,22,30,0,0,0,8,9,980.0,248.70000000000002,0.0,0.149
2008,5,18,23,30,0,0,0,8,8,980.0,252.70000000000002,0.0,0.149
2008,5,19,0,30,0,0,0,7,8,980.0,256.0,0.0,0.149
2008,5,19,1,30,0,0,0,7,8,980.0,261.3,0.0,0.149
2008,5,19,2,30,0,0,0,7,7,980.0,262.6,0.0,0.149
2008,5,19,3,30,0,0,0,6,7,980.0,260.40000000000003,0.0,0.149
2008,5,19,4,30,0,0,0,6,7,980.0,263.7,0.0,0.149
2008,5,19,5,30,328,53,112,5,7,980.0,263.7,0.0,0.149
2008,5,19,6,30,693,75,325,4,8,980.0,267.8,0.0,0.149
2008,5,19,7,30,824,85,525,2,9,980.0,268.8,0.0,0.149
2008,5,19,8,30,197,318,453,2,10,980.0,269.1,0.0,0.149
2008,5,19,9,30,14,257,269,1,11,980.0,268.8,0.0,0.149
2008,5,19,10,30,0,124,124,1,12,980.0,266.90000000000003,0.0,0.149
2008,5,19,11,30,22,339,360,2,12,980.0,266.0,0.0,0.149
2008,5,19,12,30,11,225,235,2,12,980.0,266.6,0.0,0.149
2008,5,19,13,30,37,357,389,2,12,980.0,267.3,0.0,0.149
2008,5,19,14,30,0,139,139,2,12,980.0,268.7,0.0,0.149
2008,5,19,15,30,70,268,312,2,11,980.0,272.3,0.0,0.149
2008,5,19,16,30,221,187,289,2,11,980.0,274.7,0.0,0.149
2008,5,19,17,30,127,106,142,2,10,980.0,274.8,0.0,0.149
2008,5,19,18,30,288,32,60,2,8,980.0,272.7,0.0,0.149
2008,5,19,19,30,0,0,0,3,8,980.0,271.7,0.0,0.149
2008,5,19,20,30,0,0,0,3,7,980.0,274.90000000000003,0.0,0.149
2008,5,19,21,30,0,0,0,3,7,980.0,277.5,0.0,0.149
2008,5,19,22,30,0,0,0,3,6,980.0,274.90000000000003,0.0,0.149
2008,5,19,23,30,0,0,0,3,5,980.0,269.8,0.0,0.149
2008,5,20,0,30,0,0,0,3,5,990.0,260.90000000000003,0.0,0.149
2008,5,20,1,30,0,0,0,3,4,990.0,250.9,0.0,0.149
2008,5,20,2,30,0,0,0,2,3,990.0,244.8,0.0,0.149
2008,5,20,3,30,0,0,0,2,3,990.0,236.5,0.0,0.149
2008,5,20,4,30,0,0,0,2,4,990.0,229.9,0.0,0.149
2008,5,20,5,30,128,64,87,3,6,990.0,235.5,0.0,0.149
2008,5,20,6,30,356,122,252,3,8,990.0,225.8,0.0,0.149
2008,5,20,7,30,642,123,467,3,10,990.0,236.60000000000002,0.0,0.149
2008,5,20,8,30,817,125,686,3,11,990.0,228.60000000000002,0.0,0.149
2008,5,20,9,30,602,260,747,3,12,980.0,220.10000000000002,0.0,0.149
2008,5,20,10,30,458,360,767,4,14,980.0,213.70000000000002,0.0,0.149
2008,5,20,11,30,152,468,609,4,15,980.0,210.9,0.0,0.149
2008,5,20,12,30,90,445,529,4,15,980.0,206.0,0.0,0.149
2008,5,20,13,30,78,404,472,5,16,980.0,202.8,0.0,0.149
2008,5,20,14,30,157,363,482,5,15,980.0,216.5,0.0,0.149
2008,5,20,15,30,0,157,157,6,14,980.0,271.7,0.0,0.149
2008,5,20,16,30,0,106,106,7,12,980.0,293.8,0.0,0.149
2008,5,20,17,30,0,74,74,8,11,980.0,293.7,0.0,0.149
2008,5,20,18,30,0,3,3,9,10,980.0,284.1,0.0,0.149
2008,5,20,19,30,0,0,0,8,9,980.0,274.0,0.0,0.149
2008,5,20,20,30,0,0,0,8,8,980.0,272.2,0.0,0.149
2008,5,20,21,30,0,0,0,7,8,980.0,269.0,0.0,0.149
2008,5,20,22,30,0,0,0,7,7,980.0,267.8,0.0,0.149
2008,5,20,23,30,0,0,0,7,7,980.0,272.90000000000003,0.0,0.149
2008,5,21,0,30,0,0,0,7,7,980.0,273.90000000000003,0.0,0.149
2008,5,21,1,30,0,0,0,6,7,980.0,269.3,0.0,0.149
2008,5,21,2,30,0,0,0,6,7,980.0,278.8,0.0,0.149
2008,5,21,3,30,0,0,0,6,7,980.0,286.7,0.0,0.149
2008,5,21,4,30,0,0,0,6,7,980.0,285.6,0.0,0.149
2008,5,21,5,30,96,65,83,6,8,980.0,289.1,0.0,0.149
2008,5,21,6,30,302,131,241,6,10,980.0,285.7,0.0,0.149
2008,5,21,7,30,760,105,513,6,12,980.0,285.2,0.0,0.149
2008,5,21,8,30,842,112,692,5,15,980.0,287.0,0.0,0.149
2008,5,21,9,30,884,119,834,4,16,980.0,271.7,0.0,0.149
2008,5,21,10,30,10,214,223,4,17,980.0,253.60000000000002,0.0,0.149
2008,5,21,11,30,67,436,499,5,18,980.0,241.8,0.0,0.149
2008,5,21,12,30,448,381,792,5,18,980.0,234.9,0.0,0.149
2008,5,21,13,30,3,155,158,6,17,980.0,228.70000000000002,0.0,0.149
2008,5,21,14,30,39,312,342,7,16,980.0,223.0,0.0,0.149
2008,5,21,15,30,544,190,529,8,15,980.0,215.9,0.0,0.149
2008,5,21,16,30,58,185,212,9,14,980.0,207.10000000000002,0.0,0.149
2008,5,21,17,30,0,51,51,10,13,980.0,199.3,0.0,0.149
2008,5,21,18,30,0,5,5,9,11,980.0,198.0,0.0,0.149
2008,5,21,19,30,0,0,0,9,10,980.0,206.5,0.0,0.149
2008,5,21,20,30,0,0,0,8,9,980.0,223.70000000000002,0.0,0.149
2008,5,21,21,30,0,0,0,8,8,980.0,256.90000000000003,0.0,0.149
2008,5,21,22,30,0,0,0,7,8,980.0,257.1,0.0,0.149
2008,5,21,23,30,0,0,0,7,8,980.0,303.90000000000003,0.0,0.149
2008,5,22,0,30,0,0,0,6,7,980.0,312.1,0.0,0.149
2008,5,22,1,30,0,0,0,6,7,980.0,312.3,0.0,0.149
2008,5,22,2,30,0,0,0,6,6,980.0,307.40000000000003,0.0,0.149
2008,5,22,3,30,0,0,0,4,6,980.0,299.2,0.0,0.149
2008,5,22,4,30,0,0,0,4,6,980.0,285.40000000000003,0.0,0.149
2008,5,22,5,30,19,63,67,6,6,980.0,267.5,0.0,0.149
2008,5,22,6,30,187,144,213,6,7,980.0,247.8,0.0,0.149
2008,5,22,7,30,5,168,171,6,8,980.0,245.3,0.0,0.149
2008,5,22,8,30,47,288,321,5,9,980.0,237.60000000000002,0.0,0.149
2008,5,22,9,30,10,229,238,5,10,980.0,237.4,0.0,0.149
2008,5,22,10,30,11,230,240,5,10,980.0,243.70000000000002,0.0,0.149
2008,5,22,11,30,12,241,252,5,11,980.0,257.0,0.0,0.149
2008,5,22,12,30,4,155,159,5,12,980.0,276.0,0.0,0.149
2008,5,22,13,30,86,409,484,5,13,980.0,292.5,0.0,0.149
2008,5,22,14,30,117,360,450,5,13,980.0,298.0,0.0,0.149
2008,5,22,15,30,170,284,390,5,12,980.0,299.6,0.0,0.149
2008,5,22,16,30,7,154,158,5,12,990.0,298.90000000000003,0.0,0.149
2008,5,22,17,30,4,96,98,5,11,990.0,296.7,0.0,0.149
2008,5,22,18,30,0,28,28,6,9,990.0,295.1,0.0,0.149
2008,5,22,19,30,0,0,0,6,9,990.0,295.90000000000003,0.0,0.149
2008,5,22,20,30,0,0,0,6,8,990.0,295.2,0.0,0.149
2008,5,22,21,30,0,0,0,6,8,990.0,295.2,0.0,0.149
2008,5,22,22,30,0,0,0,6,8,990.0,293.8,0.0,0.149
2008,5,22,23,30,0,0,0,6,8,990.0,292.2,0.0,0.149
2008,5,23,0,30,0,0,0,6,8,990.0,292.5,0.0,0.149
2008,5,23,1,30,0,0,0,6,7,990.0,290.6,0.0,0.149
2008,5,23,2,30,0,0,0,7,7,990.0,286.90000000000003,0.0,0.149
2008,5,23,3,30,0,0,0,6,7,990.0,285.2,0.0,0.149
2008,5,23,4,30,0,0,0,7,7,990.0,284.8,0.0,0.149
2008,5,23,5,30,481,49,139,7,9,990.0,283.0,0.0,0.149
2008,5,23,6,30,697,70,327,7,11,990.0,291.90000000000003,0.0,0.149
2008,5,23,7,30,815,81,520,7,13,990.0,305.3,0.0,0.149
2008,5,23,8,30,880,88,696,8,15,990.0,310.3,0.0,0.149
2008,5,23,9,30,921,93,841,8,16,990.0,314.1,0.0,0.149
2008,5,23,10,30,942,98,939,8,17,990.0,315.3,0.0,0.149
2008,5,23,11,30,948,102,984,8,18,990.0,312.8,0.0,0.149
2008,5,23,12,30,461,378,802,8,18,990.0,309.70000000000005,0.0,0.149
2008,5,23,13,30,537,319,782,8,18,990.0,308.3,0.0,0.149
2008,5,23,14,30,14,249,261,8,17,990.0,307.70000000000005,0.0,0.149
2008,5,23,15,30,833,96,619,7,17,990.0,308.3,0.0,0.149
2008,5,23,16,30,759,80,434,7,16,990.0,307.70000000000005,0.0,0.149
2008,5,23,17,30,206,106,166,8,15,990.0,305.6,0.0,0.149
2008,5,23,18,30,210,35,58,8,13,990.0,302.5,0.0,0.149
2008,5,23,19,30,0,0,0,8,11,990.0,300.0,0.0,0.145
2008,5,23,20,30,0,0,0,8,10,990.0,299.6,0.0,0.145
2008,5,23,21,30,0,0,0,8,10,990.0,296.8,0.0,0.145
2008,5,23,22,30,0,0,0,8,9,990.0,295.7,0.0,0.145
2008,5,23,23,30,0,0,0,8,9,990.0,296.5,0.0,0.145
2008,5,24,0,30,0,0,0,8,8,990.0,298.40000000000003,0.0,0.145
2008,5,24,1,30,0,0,0,7,8,990.0,299.6,0.0,0.145
2008,5,24,2,30,0,0,0,7,7,990.0,300.2,0.0,0.145
2008,5,24,3,30,0,0,0,7,7,990.0,303.90000000000003,0.0,0.145
2008,5,24,4,30,0,0,0,7,8,1000.0,306.8,0.0,0.145
2008,5,24,5,30,468,50,139,7,10,1000.0,310.8,0.0,0.145
2008,5,24,6,30,674,76,325,7,12,1000.0,319.90000000000003,0.0,0.145
2008,5,24,7,30,769,98,514,8,14,1000.0,330.3,0.0,0.145
2008,5,24,8,30,838,110,690,8,15,1000.0,330.40000000000003,0.0,0.145
2008,5,24,9,30,546,283,728,7,16,990.0,325.8,0.0,0.145
2008,5,24,10,30,454,361,767,7,17,990.0,324.40000000000003,0.0,0.145
2008,5,24,11,30,363,420,758,7,18,990.0,325.20000000000005,0.0,0.145
2008,5,24,12,30,436,382,783,7,18,990.0,325.5,0.0,0.145
2008,5,24,13,30,11,243,253,7,18,990.0,325.20000000000005,0.0,0.145
2008,5,24,14,30,259,354,552,7,18,990.0,326.8,0.0,0.145
2008,5,24,15,30,408,240,496,8,17,990.0,329.0,0.0,0.145
2008,5,24,16,30,15,163,171,8,16,1000.0,329.20000000000005,0.0,0.145
2008,5,24,17,30,106,111,142,9,15,1000.0,328.3,0.0,0.145
2008,5,24,18,30,124,39,53,10,13,1000.0,327.6,0.0,0.145
2008,5,24,19,30,0,0,0,9,12,1000.0,330.5,0.0,0.145
2008,5,24,20,30,0,0,0,9,11,1000.0,334.40000000000003,0.0,0.145
2008,5,24,21,30,0,0,0,9,11,1000.0,335.8,0.0,0.145
2008,5,24,22,30,0,0,0,9,10,1000.0,334.3,0.0,0.145
2008,5,24,23,30,0,0,0,8,9,1000.0,327.3,0.0,0.145
2008,5,25,0,30,0,0,0,8,8,1000.0,318.20000000000005,0.0,0.145
2008,5,25,1,30,0,0,0,8,8,1000.0,313.20000000000005,0.0,0.145
2008,5,25,2,30,0,0,0,7,8,1000.0,311.0,0.0,0.145
2008,5,25,3,30,0,0,0,7,8,1000.0,313.40000000000003,0.0,0.145
2008,5,25,4,30,0,0,0,7,8,1000.0,317.6,0.0,0.145
2008,5,25,5,30,436,56,139,7,10,1000.0,322.1,0.0,0.145
2008,5,25,6,30,660,81,327,7,13,1000.0,326.5,0.0,0.145
2008,5,25,7,30,805,89,526,8,16,1000.0,330.8,0.0,0.145
2008,5,25,8,30,869,100,703,7,18,1000.0,341.40000000000003,0.0,0.145
2008,5,25,9,30,904,109,845,7,19,1000.0,341.70000000000005,0.0,0.145
2008,5,25,10,30,923,115,941,6,20,1000.0,332.70000000000005,0.0,0.145
2008,5,25,11,30,934,115,986,6,21,1000.0,322.5,0.0,0.145
2008,5,25,12,30,936,112,974,7,22,1000.0,310.5,0.0,0.145
2008,5,25,13,30,915,113,904,7,22,1000.0,296.6,0.0,0.145
2008,5,25,14,30,884,108,785,7,22,1000.0,280.5,0.0,0.145
2008,5,25,15,30,839,97,627,8,21,1000.0,263.0,0.0,0.145
2008,5,25,16,30,777,79,444,9,20,1000.0,245.60000000000002,0.0,0.145
2008,5,25,17,30,630,63,248,11,18,1000.0,232.70000000000002,0.0,0.145
2008,5,25,18,30,339,34,72,12,14,1000.0,228.0,0.2,0.145
2008,5,25,19,30,0,0,0,10,12,1000.0,222.3,0.2,0.145
2008,5,25,20,30,0,0,0,10,12,1000.0,212.4,0.0,0.145
2008,5,25,21,30,0,0,0,9,12,1000.0,201.0,0.0,0.145
2008,5,25,22,30,0,0,0,9,11,1000.0,201.4,0.0,0.145
2008,5,25,23,30,0,0,0,9,10,1000.0,204.0,0.0,0.145
2008,5,26,0,30,0,0,0,9,10,1000.0,212.5,0.0,0.145
2008,5,26,1,30,0,0,0,9,9,1000.0,219.8,0.0,0.145
2008,5,26,2,30,0,0,0,9,9,1000.0,219.9,0.0,0.145
2008,5,26,3,30,0,0,0,8,9,1000.0,220.0,0.0,0.145
2008,5,26,4,30,0,0,0,9,10,1000.0,218.70000000000002,0.0,0.145
2008,5,26,5,30,264,62,112,9,12,1000.0,210.0,0.0,0.145
2008,5,26,6,30,480,105,284,10,14,1000.0,201.60000000000002,0.0,0.145
2008,5,26,7,30,798,89,523,10,17,1000.0,215.3,0.0,0.145
2008,5,26,8,30,851,104,696,10,19,1000.0,212.9,0.0,0.145
2008,5,26,9,30,852,132,827,11,20,1000.0,207.3,0.0,0.145
2008,5,26,10,30,903,119,928,11,21,1000.0,203.0,0.0,0.145
2008,5,26,11,30,895,131,965,11,22,1000.0,197.70000000000002,0.0,0.145
2008,5,26,12,30,876,139,947,12,22,1000.0,194.8,0.0,0.145
2008,5,26,13,30,844,142,873,12,22,990.0,197.0,0.0,0.145
2008,5,26,14,30,780,147,745,13,22,990.0,197.60000000000002,0.0,0.145
2008,5,26,15,30,568,184,543,13,21,990.0,196.5,0.0,0.145
2008,5,26,16,30,463,150,368,14,20,990.0,192.9,0.0,0.145
2008,5,26,17,30,437,83,212,14,19,990.0,189.5,0.0,0.145
2008,5,26,18,30,147,43,60,14,17,990.0,189.8,0.0,0.145
2008,5,26,19,30,0,0,0,14,16,990.0,192.70000000000002,0.0,0.145
2008,5,26,20,30,0,0,0,14,16,990.0,194.0,0.0,0.145
2008,5,26,21,30,0,0,0,14,15,990.0,192.10000000000002,0.0,0.145
2008,5,26,22,30,0,0,0,14,15,990.0,193.0,0.0,0.145
2008,5,26,23,30,0,0,0,14,15,990.0,199.10000000000002,0.0,0.145
2008,5,27,0,30,0,0,0,14,15,990.0,201.5,0.0,0.145
2008,5,27,1,30,0,0,0,14,15,990.0,203.10000000000002,0.0,0.145
2008,5,27,2,30,0,0,0,14,15,990.0,205.3,0.0,0.145
2008,5,27,3,30,0,0,0,15,15,990.0,213.8,0.0,0.145
2008,5,27,4,30,0,0,0,15,15,990.0,212.9,0.0,0.145
2008,5,27,5,30,0,28,28,15,16,990.0,194.70000000000002,0.0,0.145
2008,5,27,6,30,178,148,214,15,17,990.0,185.4,0.0,0.145
2008,5,27,7,30,410,196,420,16,19,990.0,189.9,0.0,0.145
2008,5,27,8,30,721,148,650,17,21,990.0,203.4,0.0,0.145
2008,5,27,9,30,774,156,788,18,24,990.0,207.10000000000002,0.0,0.145
2008,5,27,10,30,751,195,869,19,25,990.0,209.0,0.0,0.145
2008,5,27,11,30,756,203,909,19,26,990.0,209.70000000000002,0.0,0.145
2008,5,27,12,30,0,39,39,19,25,990.0,211.3,0.0,0.145
2008,5,27,13,30,134,427,544,19,24,990.0,212.20000000000002,0.0,0.145
2008,5,27,14,30,155,367,487,20,24,990.0,211.20000000000002,0.0,0.145
2008,5,27,15,30,0,120,120,20,23,990.0,221.5,0.0,0.145
2008,5,27,16,30,12,163,169,20,22,990.0,250.4,0.0,0.145
2008,5,27,17,30,0,26,26,20,21,990.0,292.40000000000003,0.0,0.145
2008,5,27,18,30,91,46,57,18,18,990.0,317.0,0.0,0.145
2008,5,27,19,30,0,0,0,16,16,1000.0,320.20000000000005,0.0,0.145
2008,5,27,20,30,0,0,0,13,14,1000.0,327.70000000000005,0.0,0.145
2008,5,27,21,30,0,0,0,10,13,1000.0,337.0,0.0,0.145
2008,5,27,22,30,0,0,0,8,11,1000.0,342.20000000000005,0.0,0.145
2008,5,27,23,30,0,0,0,7,11,1000.0,346.8,0.0,0.145
2008,5,28,0,30,0,0,0,6,10,1000.0,349.70000000000005,0.0,0.145
2008,5,28,1,30,0,0,0,4,9,1000.0,350.90000000000003,0.0,0.145
2008,5,28,2,30,0,0,0,3,8,1000.0,352.5,0.0,0.145
2008,5,28,3,30,0,0,0,2,7,1000.0,354.0,0.0,0.145
2008,5,28,4,30,0,11,11,2,7,1000.0,354.20000000000005,0.0,0.145
2008,5,28,5,30,201,66,106,2,7,1000.0,354.5,0.0,0.145
2008,5,28,6,30,705,79,344,1,9,1000.0,354.5,0.0,0.145
2008,5,28,7,30,813,97,541,1,10,1000.0,354.20000000000005,0.0,0.145
2008,5,28,8,30,882,106,721,0,12,1000.0,351.90000000000003,0.0,0.145
2008,5,28,9,30,923,112,866,0,13,1000.0,348.3,0.0,0.145
2008,5,28,10,30,935,122,961,1,15,1000.0,343.0,0.0,0.145
2008,5,28,11,30,942,124,1005,1,16,1000.0,335.1,0.0,0.145
2008,5,28,12,30,938,123,990,1,17,1000.0,329.90000000000003,0.0,0.145
2008,5,28,13,30,915,123,918,2,17,1000.0,323.6,0.0,0.145
2008,5,28,14,30,885,116,797,2,17,1000.0,318.8,0.0,0.145
2008,5,28,15,30,834,106,636,3,17,1000.0,316.40000000000003,0.0,0.145
2008,5,28,16,30,764,88,451,4,16,1000.0,311.40000000000003,0.0,0.145
2008,5,28,17,30,613,70,254,6,14,1000.0,303.6,0.0,0.145
2008,5,28,18,30,320,39,77,8,11,1000.0,296.2,0.0,0.145
2008,5,28,19,30,0,0,0,7,9,1000.0,290.2,0.0,0.145
2008,5,28,20,30,0,0,0,6,9,1000.0,299.40000000000003,0.0,0.145
2008,5,28,21,30,0,0,0,6,8,1000.0,300.1,0.0,0.145
2008,5,28,22,30,0,0,0,6,8,1000.0,298.90000000000003,0.0,0.145
2008,5,28,23,30,0,0,0,5,7,1000.0,299.6,0.0,0.145
2008,5,29,0,30,0,0,0,5,6,1000.0,300.6,0.0,0.145
2008,5,29,1,30,0,0,0,4,6,1000.0,303.5,0.0,0.145
2008,5,29,2,30,0,0,0,4,5,1000.0,302.8,0.0,0.145
2008,5,29,3,30,0,0,0,4,5,1000.0,298.5,0.0,0.145
2008,5,29,4,30,51,10,11,3,6,1000.0,293.40000000000003,0.0,0.145
2008,5,29,5,30,478,53,147,3,8,1000.0,286.8,0.0,0.145
2008,5,29,6,30,684,78,336,3,11,1000.0,267.5,0.0,0.145
2008,5,29,7,30,790,97,529,2,14,1000.0,289.7,0.0,0.145
2008,5,29,8,30,853,110,705,2,15,1000.0,287.90000000000003,0.0,0.145
2008,5,29,9,30,887,122,847,3,17,1000.0,282.5,0.0,0.145
2008,5,29,10,30,901,131,942,4,18,1000.0,276.7,0.0,0.145
2008,5,29,11,30,909,134,985,5,19,1000.0,274.0,0.0,0.145
2008,5,29,12,30,906,133,971,5,20,1000.0,273.2,0.0,0.145
2008,5,29,13,30,887,130,902,6,21,1000.0,273.8,0.0,0.145
2008,5,29,14,30,859,121,784,7,21,1000.0,275.3,0.0,0.145
2008,5,29,15,30,812,108,626,8,20,1000.0,276.3,0.0,0.145
2008,5,29,16,30,742,90,444,9,19,1000.0,277.3,0.0,0.145
2008,5,29,17,30,599,71,251,10,17,1000.0,280.5,0.0,0.145
2008,5,29,18,30,329,38,78,10,15,1000.0,284.5,0.0,0.145
2008,5,29,19,30,0,0,0,9,13,1000.0,290.7,0.0,0.145
2008,5,29,20,30,0,0,0,8,12,1000.0,298.7,0.0,0.145
2008,5,29,21,30,0,0,0,8,11,1000.0,304.3,0.0,0.145
2008,5,29,22,30,0,0,0,7,10,1000.0,304.2,0.0,0.145
2008,5,29,23,30,0,0,0,7,10,1000.0,303.40000000000003,0.0,0.145
2008,5,30,0,30,0,0,0,7,9,1000.0,306.1,0.0,0.145
2008,5,30,1,30,0,0,0,7,9,1000.0,312.90000000000003,0.0,0.145
2008,5,30,2,30,0,0,0,7,8,1000.0,319.20000000000005,0.0,0.145
2008,5,30,3,30,0,0,0,7,8,1000.0,323.90000000000003,0.0,0.145
2008,5,30,4,30,43,10,11,7,9,1000.0,330.1,0.0,0.145
2008,5,30,5,30,435,57,143,7,11,1000.0,335.0,0.0,0.145
2008,5,30,6,30,640,86,327,8,15,1000.0,329.5,0.0,0.145
2008,5,30,7,30,772,99,522,9,18,1000.0,1.0,0.0,0.145
2008,5,30,8,30,828,116,694,9,20,1000.0,39.800000000000004,0.0,0.145
2008,5,30,9,30,846,138,830,9,22,1000.0,104.4,0.0,0.145
2008,5,30,10,30,882,135,929,9,23,1000.0,201.9,0.0,0.145
2008,5,30,11,30,890,137,970,10,23,1000.0,199.8,0.0,0.145
2008,5,30,12,30,577,336,871,10,24,1000.0,198.4,0.0,0.145
2008,5,30,13,30,486,336,760,11,24,1000.0,199.10000000000002,0.0,0.145
2008,5,30,14,30,352,334,606,11,23,1000.0,203.60000000000002,0.0,0.145
2008,5,30,15,30,710,145,599,12,22,1000.0,201.10000000000002,0.0,0.145
2008,5,30,16,30,637,118,423,13,20,1000.0,191.70000000000002,0.0,0.145
2008,5,30,17,30,228,119,188,14,19,1000.0,180.9,0.0,0.145
2008,5,30,18,30,75,46,56,13,17,1000.0,175.3,0.0,0.145
2008,5,30,19,30,0,0,0,12,15,1000.0,173.3,0.0,0.145
2008,5,30,20,30,0,0,0,11,15,1000.0,174.5,0.0,0.145
2008,5,30,21,30,0,0,0,11,14,1000.0,177.9,0.0,0.145
2008,5,30,22,30,0,0,0,11,14,1000.0,182.10000000000002,0.0,0.145
2008,5,30,23,30,0,0,0,12,14,1000.0,182.4,0.0,0.145
2008,5,31,0,30,0,0,0,12,14,1000.0,182.5,0.0,0.145
2008,5,31,1,30,0,0,0,12,13,1000.0,181.8,0.0,0.145
2008,5,31,2,30,0,0,0,12,13,1000.0,184.10000000000002,0.0,0.145
2008,5,31,3,30,0,0,0,11,13,1000.0,183.70000000000002,0.0,0.145
2008,5,31,4,30,0,5,5,11,13,1000.0,179.20000000000002,0.0,0.145
2008,5,31,5,30,46,70,79,11,14,990.0,172.5,0.0,0.145
2008,5,31,6,30,104,151,191,12,15,990.0,175.8,0.0,0.145
2008,5,31,7,30,363,209,408,13,17,990.0,182.20000000000002,0.0,0.145
2008,5,31,8,30,184,324,453,14,18,990.0,184.20000000000002,0.0,0.145
2008,5,31,9,30,165,398,534,15,19,990.0,178.20000000000002,0.0,0.145
2008,5,31,10,30,62,413,469,17,20,990.0,177.8,0.0,0.145
2008,5,31,11,30,16,296,312,17,20,990.0,186.3,0.0,0.145
2008,5,31,12,30,27,360,385,17,20,990.0,184.60000000000002,0.0,0.145
2008,5,31,13,30,12,242,253,18,21,990.0,188.4,0.0,0.145
2008,5,31,14,30,162,371,497,18,20,990.0,194.10000000000002,0.0,0.145
2008,5,31,15,30,363,258,490,19,20,990.0,205.70000000000002,0.0,0.145
2008,5,31,16,30,16,169,177,19,20,990.0,202.0,0.0,0.145
2008,5,31,17,30,61,115,134,18,19,990.0,199.9,0.0,0.145
2008,5,31,18,30,0,1,1,17,18,990.0,204.20000000000002,0.0,0.145
2011,5,31,19,30,0,0,0,19,20,1000.0,176.8,0.0,0.149
2011,5,31,20,30,0,0,0,19,19,1000.0,176.5,0.0,0.149
2011,5,31,21,30,0,0,0,18,18,1000.0,179.60000000000002,0.0,0.149
2011,5,31,22,30,0,0,0,17,18,1000.0,183.20000000000002,0.0,0.149
2011,5,31,23,30,0,0,0,16,17,1000.0,186.70000000000002,0.0,0.149
2011,6,1,0,30,0,0,0,16,17,1000.0,188.0,0.0,0.149
2011,6,1,1,30,0,0,0,15,16,1000.0,188.9,0.0,0.149
2011,6,1,2,30,0,0,0,15,16,1000.0,189.9,0.0,0.149
2011,6,1,3,30,0,0,0,15,16,1000.0,193.9,0.0,0.149
2011,6,1,4,30,8,6,6,15,16,1000.0,193.8,0.0,0.149
2011,6,1,5,30,134,71,97,16,18,1000.0,188.70000000000002,0.0,0.149
2011,6,1,6,30,0,46,46,16,19,1000.0,189.0,0.0,0.149
2011,6,1,7,30,136,239,314,17,21,1000.0,191.70000000000002,0.0,0.149
2011,6,1,8,30,314,301,521,18,22,1000.0,194.10000000000002,0.0,0.149
2011,6,1,9,30,395,342,665,19,23,1000.0,195.0,0.0,0.149
2011,6,1,10,30,492,356,799,20,24,1000.0,194.9,0.0,0.149
2011,6,1,11,30,721,228,904,21,25,1000.0,191.0,0.0,0.149
2011,6,1,12,30,724,224,895,21,25,1000.0,190.60000000000002,0.0,0.149
2011,6,1,13,30,309,406,676,21,25,1000.0,187.9,0.0,0.149
2011,6,1,14,30,2,154,156,21,24,1000.0,187.8,0.0,0.149
2011,6,1,15,30,0,22,22,21,23,990.0,188.70000000000002,0.0,0.149
2011,6,1,16,30,9,162,166,21,23,990.0,191.0,0.0,0.149
2011,6,1,17,30,0,55,55,21,22,990.0,195.10000000000002,0.0,0.149
2011,6,1,18,30,0,14,14,21,22,990.0,197.5,0.0,0.149
2011,6,1,19,30,0,0,0,21,21,990.0,211.0,0.0,0.15
2011,6,1,20,30,0,0,0,20,21,990.0,243.0,0.0,0.15
2011,6,1,21,30,0,0,0,19,20,990.0,271.90000000000003,0.0,0.15
2011,6,1,22,30,0,0,0,18,19,990.0,284.5,0.0,0.15
2011,6,1,23,30,0,0,0,17,17,990.0,279.7,0.0,0.15
2011,6,2,0,30,0,0,0,16,16,990.0,278.90000000000003,0.0,0.15
2011,6,2,1,30,0,0,0,15,16,990.0,279.2,0.0,0.15
2011,6,2,2,30,0,0,0,14,15,990.0,282.0,0.0,0.15
2011,6,2,3,30,0,0,0,14,15,990.0,282.40000000000003,0.0,0.15
2011,6,2,4,30,75,11,13,13,15,990.0,275.2,0.0,0.15
2011,6,2,5,30,484,53,150,13,16,990.0,274.1,0.0,0.15
2011,6,2,6,30,680,78,336,12,17,990.0,273.1,0.0,0.15
2011,6,2,7,30,792,93,528,11,18,990.0,277.5,0.0,0.15
2011,6,2,8,30,855,104,702,10,18,990.0,283.0,0.0,0.15
2011,6,2,9,30,901,106,845,8,19,990.0,286.3,0.0,0.15
2011,6,2,10,30,928,106,943,8,19,990.0,290.0,0.0,0.15
2011,6,2,11,30,937,107,986,8,19,990.0,292.90000000000003,0.0,0.15
2011,6,2,12,30,436,387,792,8,18,990.0,295.8,0.0,0.15
2011,6,2,13,30,5,173,178,8,17,990.0,299.40000000000003,0.1,0.15
2011,6,2,14,30,0,141,141,7,16,990.0,303.1,0.1,0.15
2011,6,2,15,30,118,290,366,7,15,990.0,306.3,0.1,0.15
2011,6,2,16,30,27,179,192,7,15,990.0,307.1,0.0,0.15
2011,6,2,17,30,0,9,9,6,14,1000.0,309.1,0.0,0.15
2011,6,2,18,30,0,9,9,6,13,1000.0,309.70000000000005,0.0,0.15
2011,6,2,19,30,0,0,0,6,12,1000.0,307.0,0.0,0.15
2011,6,2,20,30,0,0,0,7,12,1000.0,305.40000000000003,0.0,0.15
2011,6,2,21,30,0,0,0,7,11,1000.0,304.6,0.0,0.15
2011,6,2,22,30,0,0,0,7,11,1000.0,303.0,0.0,0.15
2011,6,2,23,30,0,0,0,6,10,1000.0,302.7,0.0,0.15
2011,6,3,0,30,0,0,0,6,10,1000.0,302.5,0.0,0.15
2011,6,3,1,30,0,0,0,6,10,1000.0,304.90000000000003,0.0,0.15
2011,6,3,2,30,0,0,0,6,10,1000.0,307.6,0.0,0.15
2011,6,3,3,30,0,0,0,6,9,1000.0,311.6,0.0,0.15
2011,6,3,4,30,26,9,10,5,9,1000.0,314.8,0.0,0.15
2011,6,3,5,30,374,67,143,5,11,1000.0,316.20000000000005,0.0,0.15
2011,6,3,6,30,590,104,328,5,12,1000.0,320.1,0.0,0.15
2011,6,3,7,30,768,106,529,4,13,1000.0,326.0,0.0,0.15
2011,6,3,8,30,832,119,702,4,14,1000.0,326.90000000000003,0.0,0.15
2011,6,3,9,30,875,127,845,4,16,1000.0,327.1,0.0,0.15
2011,6,3,10,30,959,95,960,4,17,1000.0,327.0,0.0,0.15
2011,6,3,11,30,968,98,1008,5,18,1000.0,327.40000000000003,0.0,0.15
2011,6,3,12,30,964,101,997,5,19,1000.0,328.5,0.0,0.15
2011,6,3,13,30,945,102,929,5,19,1000.0,330.3,0.0,0.15
2011,6,3,14,30,918,97,810,6,19,1000.0,331.6,0.0,0.15
2011,6,3,15,30,870,91,651,6,19,1000.0,333.0,0.0,0.15
2011,6,3,16,30,793,80,464,7,18,1000.0,335.8,0.0,0.15
2011,6,3,17,30,661,63,268,8,16,1000.0,337.1,0.0,0.15
2011,6,3,18,30,400,37,89,9,14,1000.0,341.70000000000005,0.0,0.15
2011,6,3,19,30,0,0,0,9,12,1000.0,349.70000000000005,0.0,0.15
2011,6,3,20,30,0,0,0,8,11,1000.0,358.20000000000005,0.0,0.15
2011,6,3,21,30,0,0,0,8,10,1000.0,2.2,0.0,0.15
2011,6,3,22,30,0,0,0,8,9,1000.0,356.6,0.0,0.15
2011,6,3,23,30,0,0,0,8,9,1000.0,334.0,0.0,0.15
2011,6,4,0,30,0,0,0,7,9,1000.0,315.6,0.0,0.15
2011,6,4,1,30,0,0,0,7,9,1000.0,295.6,0.0,0.15
2011,6,4,2,30,0,0,0,8,9,1000.0,289.8,0.0,0.15
2011,6,4,3,30,0,0,0,8,8,1000.0,290.3,0.0,0.15
2011,6,4,4,30,103,11,14,7,9,1000.0,297.3,0.0,0.15
2011,6,4,5,30,523,50,155,7,11,1000.0,307.70000000000005,0.0,0.15
2011,6,4,6,30,717,71,344,8,14,1000.0,322.3,0.0,0.15
2011,6,4,7,30,806,91,535,8,16,1000.0,335.1,0.0,0.15
2011,6,4,8,30,857,108,709,8,18,1000.0,343.0,0.0,0.15
2011,6,4,9,30,886,122,849,8,19,1000.0,345.6,0.0,0.15
2011,6,4,10,30,928,114,952,7,20,1000.0,348.90000000000003,0.0,0.15
2011,6,4,11,30,937,115,995,7,21,1000.0,353.90000000000003,0.0,0.15
2011,6,4,12,30,496,376,838,8,22,1000.0,3.7,0.0,0.15
2011,6,4,13,30,654,264,837,8,22,1000.0,22.700000000000003,0.0,0.15
2011,6,4,14,30,702,193,739,8,22,1000.0,43.1,0.0,0.15
2011,6,4,15,30,469,224,527,9,22,1000.0,50.2,0.0,0.15
2011,6,4,16,30,717,98,446,10,21,1000.0,54.300000000000004,0.0,0.15
2011,6,4,17,30,602,63,251,11,19,1000.0,70.5,0.2,0.15
2011,6,4,18,30,332,41,85,12,16,1000.0,106.7,0.30000000000000004,0.15
2011,6,4,19,30,0,0,0,11,14,1000.0,120.5,0.2,0.15
2011,6,4,20,30,0,0,0,10,12,1000.0,127.2,0.0,0.15
2011,6,4,21,30,0,0,0,9,11,1000.0,124.4,0.0,0.15
2011,6,4,22,30,0,0,0,9,9,1000.0,123.4,0.0,0.15
2011,6,4,23,30,0,0,0,8,9,1000.0,129.4,0.0,0.15
2011,6,5,0,30,0,0,0,8,9,1000.0,139.20000000000002,0.1,0.15
2011,6,5,1,30,0,0,0,8,9,1000.0,126.2,0.30000000000000004,0.15
2011,6,5,2,30,0,0,0,8,9,1000.0,116.0,0.30000000000000004,0.15
2011,6,5,3,30,0,0,0,8,9,1000.0,91.10000000000001,0.2,0.15
2011,6,5,4,30,59,11,13,8,9,1000.0,53.800000000000004,0.1,0.15
2011,6,5,5,30,433,58,146,9,11,1000.0,161.70000000000002,0.0,0.15
2011,6,5,6,30,625,89,327,7,13,1000.0,138.5,0.0,0.15
2011,6,5,7,30,715,117,511,7,16,1000.0,142.8,0.0,0.15
2011,6,5,8,30,787,131,683,8,18,1000.0,152.70000000000002,0.0,0.15
2011,6,5,9,30,830,140,822,8,19,1000.0,160.60000000000002,0.0,0.15
2011,6,5,10,30,337,418,722,9,20,1000.0,172.10000000000002,0.0,0.15
2011,6,5,11,30,394,406,777,10,21,1000.0,180.3,0.0,0.15
2011,6,5,12,30,86,449,529,10,22,1000.0,186.10000000000002,0.0,0.15
2011,6,5,13,30,70,405,467,11,22,1000.0,193.4,0.0,0.15
2011,6,5,14,30,114,368,456,11,21,1000.0,199.3,0.0,0.15
2011,6,5,15,30,159,299,401,12,21,1000.0,204.9,0.0,0.15
2011,6,5,16,30,586,136,422,13,20,1000.0,208.3,0.0,0.15
2011,6,5,17,30,226,114,185,14,19,1000.0,212.4,0.0,0.15
2011,6,5,18,30,139,52,71,15,17,1000.0,215.0,0.0,0.15
2011,6,5,19,30,0,0,0,14,15,1000.0,238.20000000000002,0.0,0.15
2011,6,5,20,30,0,0,0,14,15,1000.0,232.3,0.0,0.15
2011,6,5,21,30,0,0,0,13,14,1000.0,245.60000000000002,0.0,0.15
2011,6,5,22,30,0,0,0,13,13,1000.0,275.8,0.1,0.15
2011,6,5,23,30,0,0,0,11,13,1000.0,278.0,0.2,0.15
2011,6,6,0,30,0,0,0,11,12,1000.0,291.90000000000003,0.2,0.15
2011,6,6,1,30,0,0,0,11,12,1000.0,302.7,0.1,0.15
2011,6,6,2,30,0,0,0,11,12,1000.0,309.5,0.1,0.15
2011,6,6,3,30,0,0,0,11,12,1000.0,318.40000000000003,0.0,0.15
2011,6,6,4,30,49,12,13,11,13,1000.0,331.1,0.0,0.15
2011,6,6,5,30,418,59,144,13,15,1000.0,341.6,0.0,0.15
2011,6,6,6,30,625,86,325,13,17,1000.0,351.40000000000003,0.0,0.15
2011,6,6,7,30,770,93,518,13,20,1000.0,11.200000000000001,0.0,0.15
2011,6,6,8,30,822,109,686,14,21,1000.0,11.5,0.0,0.15
2011,6,6,9,30,856,121,824,14,22,1000.0,9.9,0.0,0.15
2011,6,6,10,30,887,119,921,14,23,1000.0,10.9,0.0,0.15
2011,6,6,11,30,34,388,420,14,24,1000.0,8.9,0.0,0.15
2011,6,6,12,30,162,468,619,14,25,1000.0,3.8000000000000003,0.0,0.15
2011,6,6,13,30,864,125,883,14,25,1000.0,357.1,0.0,0.15
2011,6,6,14,30,834,117,769,15,25,1000.0,354.0,0.0,0.15
2011,6,6,15,30,790,105,617,16,25,1000.0,353.6,0.0,0.15
2011,6,6,16,30,729,86,442,16,24,1000.0,350.5,0.0,0.15
2011,6,6,17,30,599,68,256,17,23,1000.0,349.6,0.1,0.15
2011,6,6,18,30,350,39,87,17,22,1000.0,337.40000000000003,0.30000000000000004,0.15
2011,6,6,19,30,0,0,0,14,20,1000.0,264.0,0.5,0.15
2011,6,6,20,30,0,0,0,14,18,1000.0,246.9,0.6000000000000001,0.15
2011,6,6,21,30,0,0,0,14,17,1000.0,250.3,0.5,0.15
2011,6,6,22,30,0,0,0,14,15,1000.0,260.0,0.30000000000000004,0.15
2011,6,6,23,30,0,0,0,14,15,1000.0,269.8,0.30000000000000004,0.15
2011,6,7,0,30,0,0,0,14,15,1000.0,278.0,0.2,0.15
2011,6,7,1,30,0,0,0,14,14,1000.0,284.90000000000003,0.1,0.15
2011,6,7,2,30,0,0,0,14,14,1000.0,287.8,0.0,0.15
2011,6,7,3,30,0,0,0,14,14,1000.0,294.2,0.0,0.15
2011,6,7,4,30,71,12,14,14,15,1000.0,304.0,0.0,0.15
2011,6,7,5,30,451,54,146,15,17,1000.0,310.6,0.0,0.15
2011,6,7,6,30,650,78,327,15,20,1000.0,294.2,0.0,0.15
2011,6,7,7,30,767,92,515,16,23,1000.0,280.5,0.0,0.15
2011,6,7,8,30,826,105,685,16,24,1000.0,288.8,0.0,0.15
2011,6,7,9,30,856,118,822,15,25,1000.0,289.7,0.0,0.15
2011,6,7,10,30,860,134,912,15,26,1000.0,293.6,0.0,0.15
2011,6,7,11,30,882,128,958,16,26,1000.0,292.40000000000003,0.0,0.15
2011,6,7,12,30,879,126,946,16,26,1000.0,286.1,0.0,0.15
2011,6,7,13,30,863,121,880,16,27,990.0,275.1,0.0,0.15
2011,6,7,14,30,829,116,764,16,27,990.0,248.60000000000002,0.0,0.15
2011,6,7,15,30,766,112,609,17,28,990.0,236.4,0.0,0.15
2011,6,7,16,30,642,111,426,17,27,990.0,239.0,0.0,0.15
2011,6,7,17,30,471,92,241,18,25,990.0,235.9,0.1,0.15
2011,6,7,18,30,0,39,39,20,23,990.0,229.4,0.30000000000000004,0.15
2011,6,7,19,30,0,0,0,18,21,990.0,215.9,0.30000000000000004,0.15
2011,6,7,20,30,0,0,0,17,20,990.0,215.70000000000002,0.1,0.15
2011,6,7,21,30,0,0,0,18,19,990.0,221.4,0.0,0.15
2011,6,7,22,30,0,0,0,18,19,990.0,232.60000000000002,0.0,0.15
2011,6,7,23,30,0,0,0,18,19,990.0,246.8,0.0,0.15
2011,6,8,0,30,0,0,0,18,18,990.0,259.0,0.0,0.15
2011,6,8,1,30,0,0,0,18,18,990.0,271.6,0.0,0.15
2011,6,8,2,30,0,0,0,17,18,990.0,282.5,0.0,0.15
2011,6,8,3,30,0,0,0,17,18,990.0,285.2,0.1,0.15
2011,6,8,4,30,0,8,8,18,19,990.0,296.1,0.0,0.15
2011,6,8,5,30,119,73,98,19,21,1000.0,312.1,0.0,0.15
2011,6,8,6,30,281,141,249,19,23,1000.0,320.0,0.0,0.15
2011,6,8,7,30,602,151,483,20,26,1000.0,322.90000000000003,0.0,0.15
2011,6,8,8,30,476,247,582,20,27,990.0,292.8,0.0,0.15
2011,6,8,9,30,47,353,393,20,27,990.0,261.5,0.0,0.15
2011,6,8,10,30,528,347,824,20,28,990.0,256.0,0.0,0.15
2011,6,8,11,30,483,390,845,20,29,990.0,256.8,0.0,0.15
2011,6,8,12,30,480,384,832,20,29,990.0,257.90000000000003,0.0,0.15
2011,6,8,13,30,512,335,786,21,29,990.0,256.6,0.0,0.15
2011,6,8,14,30,646,213,718,21,28,990.0,253.60000000000002,0.0,0.15
2011,6,8,15,30,537,201,550,22,27,990.0,252.20000000000002,0.0,0.15
2011,6,8,16,30,456,172,396,23,26,990.0,250.0,0.0,0.15
2011,6,8,17,30,312,122,221,24,25,990.0,240.4,0.0,0.15
2011,6,8,18,30,126,50,68,22,23,990.0,234.5,0.0,0.15
2011,6,8,19,30,0,0,0,22,22,990.0,233.5,0.0,0.15
2011,6,8,20,30,0,0,0,21,22,990.0,240.0,0.0,0.15
2011,6,8,21,30,0,0,0,21,22,990.0,252.0,0.0,0.15
2011,6,8,22,30,0,0,0,21,21,990.0,263.7,0.0,0.15
2011,6,8,23,30,0,0,0,20,21,990.0,267.2,0.0,0.15
2011,6,9,0,30,0,0,0,20,21,990.0,267.6,0.0,0.15
2011,6,9,1,30,0,0,0,20,20,990.0,269.1,0.0,0.15
2011,6,9,2,30,0,0,0,19,20,990.0,268.6,0.0,0.15
2011,6,9,3,30,0,0,0,19,20,990.0,265.40000000000003,0.0,0.15
2011,6,9,4,30,0,5,5,19,20,990.0,262.5,0.0,0.15
2011,6,9,5,30,123,73,98,20,21,990.0,259.40000000000003,0.0,0.15
2011,6,9,6,30,12,132,137,21,22,990.0,232.3,0.0,0.15
2011,6,9,7,30,259,230,374,21,24,990.0,207.8,0.0,0.15
2011,6,9,8,30,316,303,525,22,25,990.0,217.8,0.0,0.15
2011,6,9,9,30,421,330,677,22,26,990.0,219.3,0.0,0.15
2011,6,9,10,30,442,368,768,23,27,990.0,210.3,0.0,0.15
2011,6,9,11,30,572,324,863,23,27,990.0,209.3,0.0,0.15
2011,6,9,12,30,579,314,855,24,27,990.0,213.10000000000002,0.0,0.15
2011,6,9,13,30,528,323,788,24,26,990.0,217.4,0.0,0.15
2011,6,9,14,30,5,177,181,24,26,990.0,213.5,0.0,0.15
2011,6,9,15,30,1,162,163,24,25,990.0,200.60000000000002,0.0,0.15
2011,6,9,16,30,0,38,38,23,24,990.0,196.9,0.0,0.15
2011,6,9,17,30,0,26,26,22,23,990.0,201.5,0.0,0.15
2011,6,9,18,30,0,8,8,22,22,990.0,212.60000000000002,0.0,0.15
2011,6,9,19,30,0,0,0,21,22,990.0,221.70000000000002,0.0,0.152
2011,6,9,20,30,0,0,0,21,21,990.0,228.4,0.0,0.152
2011,6,9,21,30,0,0,0,20,21,990.0,240.0,0.0,0.152
2011,6,9,22,30,0,0,0,20,21,990.0,253.4,0.0,0.152
2011,6,9,23,30,0,0,0,20,21,990.0,278.2,0.0,0.152
2011,6,10,0,30,0,0,0,20,20,990.0,301.8,0.0,0.152
2011,6,10,1,30,0,0,0,19,20,990.0,306.3,0.0,0.152
2011,6,10,2,30,0,0,0,18,19,990.0,309.70000000000005,0.0,0.152
2011,6,10,3,30,0,0,0,18,18,990.0,314.1,0.0,0.152
2011,6,10,4,30,0,10,10,18,18,1000.0,316.0,0.0,0.152
2011,6,10,5,30,95,74,93,18,19,1000.0,320.20000000000005,0.0,0.152
2011,6,10,6,30,456,113,288,18,20,1000.0,331.1,0.0,0.152
2011,6,10,7,30,470,183,443,18,22,1000.0,346.5,0.0,0.152
2011,6,10,8,30,485,243,584,17,24,1000.0,348.5,0.0,0.152
2011,6,10,9,30,810,139,805,17,25,1000.0,340.0,0.0,0.152
2011,6,10,10,30,475,362,792,17,25,1000.0,328.3,0.0,0.152
2011,6,10,11,30,78,450,524,17,26,1000.0,313.3,0.0,0.152
2011,6,10,12,30,318,440,738,17,25,1000.0,308.40000000000003,0.0,0.152
2011,6,10,13,30,75,411,477,17,25,1000.0,310.90000000000003,0.0,0.152
2011,6,10,14,30,164,375,504,17,25,1000.0,320.40000000000003,0.0,0.152
2011,6,10,15,30,70,282,328,17,24,1000.0,335.6,0.0,0.152
2011,6,10,16,30,216,205,312,18,23,1000.0,1.4000000000000001,0.0,0.152
2011,6,10,17,30,262,114,198,19,22,1000.0,31.1,0.0,0.152
2011,6,10,18,30,236,49,83,19,21,1000.0,57.7,0.0,0.152
2011,6,10,19,30,0,0,0,19,19,1000.0,69.3,0.0,0.152
2011,6,10,20,30,0,0,0,18,19,1000.0,95.60000000000001,0.0,0.152
2011,6,10,21,30,0,0,0,18,18,1000.0,123.2,0.0,0.152
2011,6,10,22,30,0,0,0,17,18,1000.0,133.9,0.0,0.152
2011,6,10,23,30,0,0,0,17,17,1000.0,135.5,0.0,0.152
2011,6,11,0,30,0,0,0,16,17,1000.0,132.8,0.0,0.152
2011,6,11,1,30,0,0,0,16,16,1000.0,130.5,0.0,0.152
2011,6,11,2,30,0,0,0,15,16,1000.0,123.7,0.0,0.152
2011,6,11,3,30,0,0,0,15,15,1000.0,113.2,0.0,0.152
2011,6,11,4,30,0,0,0,14,15,1000.0,103.80000000000001,0.0,0.152
2011,6,11,5,30,0,5,5,14,15,1000.0,99.60000000000001,0.0,0.152
2011,6,11,6,30,0,12,12,14,15,1000.0,100.4,0.0,0.152
2011,6,11,7,30,0,53,53,14,15,1000.0,107.30000000000001,0.0,0.152
2011,6,11,8,30,5,189,193,14,16,1000.0,116.9,0.0,0.152
2011,6,11,9,30,14,261,273,13,16,1000.0,122.80000000000001,0.0,0.152
2011,6,11,10,30,11,241,252,13,17,1000.0,119.9,0.0,0.152
2011,6,11,11,30,0,109,109,13,17,1000.0,121.9,0.0,0.152
2011,6,11,12,30,33,382,413,13,17,1000.0,126.0,0.0,0.152
2011,6,11,13,30,21,317,336,12,16,1000.0,125.2,0.0,0.152
2011,6,11,14,30,0,145,146,12,15,1000.0,120.80000000000001,0.0,0.152
2011,6,11,15,30,2,170,171,12,15,1000.0,109.30000000000001,0.0,0.152
2011,6,11,16,30,0,30,30,12,14,1000.0,95.30000000000001,0.0,0.152
2011,6,11,17,30,0,20,20,13,14,1000.0,87.30000000000001,0.0,0.152
2011,6,11,18,30,0,26,26,13,13,1000.0,85.9,0.0,0.152
2011,6,11,19,30,0,0,0,11,13,1000.0,86.9,0.0,0.152
2011,6,11,20,30,0,0,0,11,13,1000.0,84.9,0.0,0.152
2011,6,11,21,30,0,0,0,11,12,1000.0,84.0,0.0,0.152
2011,6,11,22,30,0,0,0,11,12,1000.0,84.9,0.0,0.152
2011,6,11,23,30,0,0,0,11,12,1000.0,84.80000000000001,0.0,0.152
2011,6,12,0,30,0,0,0,11,12,1000.0,77.0,0.0,0.152
2011,6,12,1,30,0,0,0,11,11,1000.0,65.4,0.0,0.152
2011,6,12,2,30,0,0,0,11,11,1000.0,57.2,0.0,0.152
2011,6,12,3,30,0,0,0,11,11,1000.0,51.7,0.0,0.152
2011,6,12,4,30,0,3,3,11,11,1000.0,45.300000000000004,0.0,0.152
2011,6,12,5,30,0,37,37,11,11,1000.0,39.6,0.0,0.152
2011,6,12,6,30,0,67,67,11,12,1000.0,40.6,0.0,0.152
2011,6,12,7,30,26,205,220,11,12,1000.0,44.400000000000006,0.0,0.152
2011,6,12,8,30,5,186,189,12,14,1000.0,49.0,0.0,0.152
2011,6,12,9,30,14,263,275,12,15,990.0,53.0,0.0,0.152
2011,6,12,10,30,35,372,404,13,16,990.0,48.800000000000004,0.0,0.152
2011,6,12,11,30,134,473,600,13,17,990.0,41.7,0.0,0.152
2011,6,12,12,30,74,443,513,13,18,990.0,44.6,0.0,0.152
2011,6,12,13,30,21,317,336,14,18,990.0,58.5,0.0,0.152
2011,6,12,14,30,78,359,420,14,19,990.0,76.60000000000001,0.0,0.152
2011,6,12,15,30,283,282,468,15,19,990.0,95.60000000000001,0.0,0.152
2011,6,12,16,30,46,196,219,15,18,990.0,102.10000000000001,0.0,0.152
2011,6,12,17,30,0,13,13,15,17,990.0,100.7,0.0,0.152
2011,6,12,18,30,6,48,49,15,15,990.0,94.30000000000001,0.0,0.152
2011,6,12,19,30,0,0,0,14,14,990.0,94.2,0.0,0.152
2011,6,12,20,30,0,0,0,13,14,990.0,88.10000000000001,0.0,0.152
2011,6,12,21,30,0,0,0,13,13,990.0,79.7,0.0,0.152
2011,6,12,22,30,0,0,0,13,13,990.0,77.30000000000001,0.0,0.152
2011,6,12,23,30,0,0,0,11,13,990.0,68.4,0.0,0.152
2011,6,13,0,30,0,0,0,11,13,990.0,55.0,0.0,0.152
2011,6,13,1,30,0,0,0,11,12,990.0,25.900000000000002,0.0,0.152
2011,6,13,2,30,0,0,0,11,12,990.0,5.0,0.1,0.152
2011,6,13,3,30,0,0,0,11,11,990.0,345.70000000000005,0.1,0.152
2011,6,13,4,30,0,11,11,11,12,990.0,334.3,0.0,0.152
2011,6,13,5,30,219,69,114,12,14,990.0,343.90000000000003,0.0,0.152
2011,6,13,6,30,572,103,323,13,16,990.0,323.5,0.0,0.152
2011,6,13,7,30,706,121,512,12,17,990.0,309.70000000000005,0.0,0.152
2011,6,13,8,30,772,139,682,11,18,990.0,293.6,0.0,0.152
2011,6,13,9,30,803,157,818,11,19,990.0,286.5,0.0,0.152
2011,6,13,10,30,160,451,596,11,20,990.0,287.6,0.0,0.152
2011,6,13,11,30,61,436,494,11,21,990.0,292.90000000000003,0.0,0.152
2011,6,13,12,30,100,458,552,12,21,990.0,301.7,0.0,0.152
2011,6,13,13,30,3,151,153,12,20,990.0,315.1,0.0,0.152
2011,6,13,14,30,8,211,218,12,19,990.0,329.3,0.0,0.152
2011,6,13,15,30,24,243,259,13,19,990.0,341.3,0.0,0.152
2011,6,13,16,30,188,209,303,13,18,990.0,349.8,0.0,0.152
2011,6,13,17,30,544,85,262,14,17,990.0,0.2,0.0,0.152
2011,6,13,18,30,326,46,94,15,16,990.0,16.2,0.2,0.152
2011,6,13,19,30,0,0,0,14,15,990.0,29.1,0.4,0.152
2011,6,13,20,30,0,0,0,13,15,990.0,49.300000000000004,0.30000000000000004,0.152
2011,6,13,21,30,0,0,0,13,14,990.0,70.0,0.2,0.152
2011,6,13,22,30,0,0,0,13,14,990.0,96.5,0.1,0.152
2011,6,13,23,30,0,0,0,13,14,990.0,111.0,0.0,0.152
2011,6,14,0,30,0,0,0,13,13,990.0,119.5,0.0,0.152
2011,6,14,1,30,0,0,0,11,13,990.0,114.5,0.0,0.152
2011,6,14,2,30,0,0,0,11,12,990.0,104.7,0.0,0.152
2011,6,14,3,30,0,0,0,11,12,990.0,91.80000000000001,0.0,0.152
2011,6,14,4,30,0,0,0,11,12,990.0,79.9,0.0,0.152
2011,6,14,5,30,0,6,6,11,13,1000.0,68.5,0.0,0.152
2011,6,14,6,30,8,129,133,11,13,1000.0,60.300000000000004,0.0,0.152
2011,6,14,7,30,0,125,125,11,13,1000.0,52.5,0.0,0.152
2011,6,14,8,30,4,182,185,11,13,1000.0,41.900000000000006,0.0,0.152
2011,6,14,9,30,14,262,274,11,14,1000.0,32.0,0.0,0.152
2011,6,14,10,30,40,384,421,11,14,1000.0,22.6,0.0,0.152
2011,6,14,11,30,9,206,216,11,15,1000.0,10.0,0.0,0.152
2011,6,14,12,30,22,340,361,11,16,1000.0,357.70000000000005,0.0,0.152
2011,6,14,13,30,174,436,590,11,16,990.0,353.1,0.0,0.152
2011,6,14,14,30,18,273,288,11,16,990.0,351.5,0.0,0.152
2011,6,14,15,30,0,106,106,11,15,1000.0,352.5,0.0,0.152
2011,6,14,16,30,0,124,124,11,15,1000.0,0.2,0.0,0.152
2011,6,14,17,30,0,57,57,11,14,1000.0,7.1000000000000005,0.0,0.152
2011,6,14,18,30,86,52,65,11,13,1000.0,4.6000000000000005,0.0,0.152
2011,6,14,19,30,0,0,0,9,11,1000.0,353.3,0.0,0.152
2011,6,14,20,30,0,0,0,9,11,1000.0,332.40000000000003,0.0,0.152
2011,6,14,21,30,0,0,0,9,11,1000.0,314.5,0.0,0.152
2011,6,14,22,30,0,0,0,9,10,990.0,306.8,0.0,0.152
2011,6,14,23,30,0,0,0,9,10,990.0,303.8,0.0,0.152
2011,6,15,0,30,0,0,0,9,10,990.0,304.7,0.0,0.152
2011,6,15,1,30,0,0,0,9,10,990.0,309.1,0.0,0.152
2011,6,15,2,30,0,0,0,9,10,990.0,313.20000000000005,0.0,0.152
2011,6,15,3,30,0,0,0,9,10,990.0,313.8,0.0,0.152
2011,6,15,4,30,0,11,11,9,10,990.0,311.20000000000005,0.0,0.152
2011,6,15,5,30,212,70,113,10,12,990.0,310.6,0.0,0.152
2011,6,15,6,30,388,125,273,12,14,990.0,313.1,0.0,0.152
2011,6,15,7,30,410,198,425,13,17,990.0,332.0,0.0,0.152
2011,6,15,8,30,799,121,682,13,19,990.0,352.90000000000003,0.0,0.152
2011,6,15,9,30,541,289,734,13,20,990.0,5.9,0.0,0.152
2011,6,15,10,30,534,344,828,13,21,990.0,12.100000000000001,0.0,0.152
2011,6,15,11,30,525,374,870,13,21,990.0,15.4,0.0,0.152
2011,6,15,12,30,262,458,703,14,22,990.0,17.7,0.0,0.152
2011,6,15,13,30,793,173,873,14,22,990.0,17.3,0.0,0.152
2011,6,15,14,30,765,159,762,15,23,990.0,16.3,0.0,0.152
2011,6,15,15,30,710,144,611,15,23,990.0,15.4,0.0,0.152
2011,6,15,16,30,0,120,120,16,23,990.0,9.0,0.0,0.152
2011,6,15,17,30,5,109,111,17,22,990.0,9.4,0.1,0.152
2011,6,15,18,30,89,53,66,17,20,990.0,335.90000000000003,0.2,0.152
2011,6,15,19,30,0,0,0,15,18,990.0,230.20000000000002,0.4,0.152
2011,6,15,20,30,0,0,0,15,17,990.0,232.70000000000002,0.5,0.152
2011,6,15,21,30,0,0,0,15,15,990.0,229.60000000000002,0.4,0.152
2011,6,15,22,30,0,0,0,14,15,990.0,228.0,0.2,0.152
2011,6,15,23,30,0,0,0,14,14,990.0,229.0,0.1,0.152
2011,6,16,0,30,0,0,0,13,14,990.0,218.20000000000002,0.0,0.152
2011,6,16,1,30,0,0,0,13,13,990.0,214.20000000000002,0.0,0.152
2011,6,16,2,30,0,0,0,11,13,990.0,211.10000000000002,0.0,0.152
2011,6,16,3,30,0,0,0,11,13,1000.0,212.9,0.0,0.152
2011,6,16,4,30,60,11,13,13,14,1000.0,221.10000000000002,0.0,0.152
2011,6,16,5,30,0,64,64,14,16,1000.0,227.4,0.0,0.152
2011,6,16,6,30,15,134,140,15,18,1000.0,231.5,0.0,0.152
2011,6,16,7,30,37,215,236,16,21,1000.0,245.60000000000002,0.0,0.152
2011,6,16,8,30,332,298,531,16,23,1000.0,257.7,0.0,0.152
2011,6,16,9,30,804,150,812,16,24,1000.0,265.6,0.0,0.152
2011,6,16,10,30,825,160,907,16,25,1000.0,259.3,0.0,0.152
2011,6,16,11,30,837,162,953,16,26,1000.0,248.0,0.0,0.152
2011,6,16,12,30,838,159,945,16,26,990.0,239.5,0.0,0.152
2011,6,16,13,30,771,186,868,16,26,990.0,234.3,0.0,0.152
2011,6,16,14,30,574,256,709,16,25,990.0,231.70000000000002,0.0,0.152
2011,6,16,15,30,517,210,551,17,25,990.0,226.9,0.0,0.152
2011,6,16,16,30,470,159,395,18,24,990.0,219.70000000000002,0.0,0.152
2011,6,16,17,30,455,103,252,19,22,1000.0,218.9,0.0,0.152
2011,6,16,18,30,134,56,76,19,20,1000.0,218.3,0.0,0.152
2011,6,16,19,30,0,0,0,18,18,1000.0,216.8,0.0,0.152
2011,6,16,20,30,0,0,0,17,17,1000.0,214.10000000000002,0.0,0.152
2011,6,16,21,30,0,0,0,16,16,1000.0,208.9,0.0,0.152
2011,6,16,22,30,0,0,0,15,16,1000.0,206.4,0.0,0.152
2011,6,16,23,30,0,0,0,14,15,1000.0,208.8,0.0,0.152
2011,6,17,0,30,0,0,0,14,14,1000.0,208.4,0.0,0.152
2011,6,17,1,30,0,0,0,14,14,1000.0,202.4,0.0,0.152
2011,6,17,2,30,0,0,0,14,15,1000.0,202.3,0.0,0.152
2011,6,17,3,30,0,0,0,14,15,1000.0,197.5,0.0,0.152
2011,6,17,4,30,0,0,0,15,16,1000.0,180.4,0.0,0.152
2011,6,17,5,30,0,4,4,16,17,1000.0,171.3,0.0,0.152
2011,6,17,6,30,0,81,81,16,17,1000.0,165.70000000000002,0.0,0.152
2011,6,17,7,30,0,67,67,16,17,1000.0,156.20000000000002,0.0,0.152
2011,6,17,8,30,0,121,121,16,17,1000.0,148.70000000000002,0.0,0.152
2011,6,17,9,30,14,259,271,16,18,1000.0,155.70000000000002,0.0,0.152
2011,6,17,10,30,68,420,482,17,20,1000.0,162.70000000000002,0.0,0.152
2011,6,17,11,30,16,296,312,18,21,1000.0,169.70000000000002,0.0,0.152
2011,6,17,12,30,14,275,289,18,22,990.0,178.9,0.0,0.152
2011,6,17,13,30,13,260,272,18,22,990.0,187.3,0.0,0.152
2011,6,17,14,30,27,301,323,18,21,990.0,186.8,0.0,0.152
2011,6,17,15,30,6,190,194,18,20,990.0,181.20000000000002,0.0,0.152
2011,6,17,16,30,351,186,363,18,19,990.0,173.70000000000002,0.0,0.152
2011,6,17,17,30,0,70,70,17,18,990.0,165.9,0.0,0.152
2011,6,17,18,30,0,34,34,16,17,990.0,156.70000000000002,0.0,0.152
2011,6,17,19,30,0,0,0,16,16,990.0,153.70000000000002,0.0,0.153
2011,6,17,20,30,0,0,0,15,16,990.0,149.6,0.0,0.153
2011,6,17,21,30,0,0,0,15,15,990.0,159.10000000000002,0.0,0.153
2011,6,17,22,30,0,0,0,15,15,990.0,183.0,0.0,0.153
2011,6,17,23,30,0,0,0,14,15,990.0,196.70000000000002,0.0,0.153
2011,6,18,0,30,0,0,0,14,14,990.0,207.20000000000002,0.0,0.153
2011,6,18,1,30,0,0,0,14,14,990.0,212.9,0.0,0.153
2011,6,18,2,30,0,0,0,13,14,990.0,221.60000000000002,0.0,0.153
2011,6,18,3,30,0,0,0,13,14,990.0,231.0,0.0,0.153
2011,6,18,4,30,0,2,2,14,14,990.0,239.60000000000002,0.0,0.153
2011,6,18,5,30,0,25,25,15,16,990.0,253.20000000000002,0.0,0.153
2011,6,18,6,30,0,61,61,16,18,990.0,248.9,0.0,0.153
2011,6,18,7,30,197,237,346,18,20,990.0,268.90000000000003,0.0,0.153
2011,6,18,8,30,707,153,649,17,22,990.0,283.3,0.0,0.153
2011,6,18,9,30,752,168,787,17,23,990.0,290.5,0.0,0.153
2011,6,18,10,30,805,161,890,17,24,990.0,293.8,0.0,0.153
2011,6,18,11,30,289,455,729,17,25,990.0,294.90000000000003,0.0,0.153
2011,6,18,12,30,463,390,824,17,26,990.0,291.8,0.0,0.153
2011,6,18,13,30,733,202,851,17,26,990.0,285.0,0.0,0.153
2011,6,18,14,30,337,347,613,17,26,990.0,278.3,0.0,0.153
2011,6,18,15,30,372,264,509,18,25,990.0,272.0,0.0,0.153
2011,6,18,16,30,539,140,411,19,25,990.0,262.0,0.0,0.153
2011,6,18,17,30,438,106,250,20,23,990.0,254.9,0.0,0.153
2011,6,18,18,30,223,55,89,20,21,990.0,245.4,0.0,0.153
2011,6,18,19,30,0,0,0,19,19,990.0,244.10000000000002,0.0,0.153
2011,6,18,20,30,0,0,0,18,19,990.0,251.70000000000002,0.0,0.153
2011,6,18,21,30,0,0,0,18,18,990.0,264.8,0.0,0.153
2011,6,18,22,30,0,0,0,17,18,990.0,277.90000000000003,0.0,0.153
2011,6,18,23,30,0,0,0,16,17,990.0,294.2,0.0,0.153
2011,6,19,0,30,0,0,0,16,16,990.0,313.20000000000005,0.0,0.153
2011,6,19,1,30,0,0,0,15,16,990.0,329.0,0.0,0.153
2011,6,19,2,30,0,0,0,14,15,990.0,338.20000000000005,0.0,0.153
2011,6,19,3,30,0,0,0,14,14,990.0,343.20000000000005,0.0,0.153
2011,6,19,4,30,99,12,16,14,15,990.0,342.3,0.0,0.153
2011,6,19,5,30,200,70,111,14,16,990.0,340.6,0.0,0.153
2011,6,19,6,30,441,115,283,12,18,990.0,354.1,0.0,0.153
2011,6,19,7,30,383,204,416,11,19,990.0,357.20000000000005,0.0,0.153
2011,6,19,8,30,579,209,616,11,20,990.0,348.20000000000005,0.0,0.153
2011,6,19,9,30,561,281,742,10,21,990.0,345.1,0.0,0.153
2011,6,19,10,30,545,339,832,10,22,990.0,342.5,0.0,0.153
2011,6,19,11,30,485,390,849,10,22,990.0,336.6,0.0,0.153
2011,6,19,12,30,916,124,983,11,23,990.0,331.8,0.0,0.153
2011,6,19,13,30,902,120,918,11,23,990.0,331.3,0.0,0.153
2011,6,19,14,30,529,273,692,12,23,990.0,332.90000000000003,0.0,0.153
2011,6,19,15,30,830,103,651,12,22,990.0,338.0,0.0,0.153
2011,6,19,16,30,639,110,432,13,21,990.0,343.1,0.0,0.153
2011,6,19,17,30,620,75,279,15,20,990.0,346.70000000000005,0.0,0.153
2011,6,19,18,30,64,54,63,16,18,990.0,354.90000000000003,0.30000000000000004,0.153
2011,6,19,19,30,0,0,0,14,16,990.0,4.3,0.6000000000000001,0.153
2011,6,19,20,30,0,0,0,14,15,990.0,14.5,0.6000000000000001,0.153
2011,6,19,21,30,0,0,0,13,14,990.0,24.700000000000003,0.5,0.153
2011,6,19,22,30,0,0,0,11,13,990.0,34.6,0.30000000000000004,0.153
2011,6,19,23,30,0,0,0,11,13,990.0,44.1,0.2,0.153
2011,6,20,0,30,0,0,0,11,12,990.0,46.400000000000006,0.2,0.153
2011,6,20,1,30,0,0,0,11,12,990.0,43.400000000000006,0.2,0.153
2011,6,20,2,30,0,0,0,11,12,990.0,38.800000000000004,0.2,0.153
2011,6,20,3,30,0,0,0,11,12,1000.0,35.1,0.1,0.153
2011,6,20,4,30,0,16,16,11,13,1000.0,33.2,0.0,0.153
2011,6,20,5,30,284,64,122,11,15,1000.0,24.0,0.0,0.153
2011,6,20,6,30,273,141,245,12,17,1000.0,10.3,0.0,0.153
2011,6,20,7,30,470,181,441,12,20,1000.0,345.3,0.0,0.153
2011,6,20,8,30,835,109,695,11,21,1000.0,335.70000000000005,0.0,0.153
2011,6,20,9,30,869,120,835,11,22,1000.0,323.5,0.0,0.153
2011,6,20,10,30,921,107,940,11,23,1000.0,316.40000000000003,0.0,0.153
2011,6,20,11,30,929,109,986,12,23,990.0,308.90000000000003,0.0,0.153
2011,6,20,12,30,485,385,840,12,24,990.0,298.6,0.0,0.153
2011,6,20,13,30,568,314,818,13,24,990.0,287.5,0.0,0.153
2011,6,20,14,30,562,262,707,13,24,990.0,275.7,0.0,0.153
2011,6,20,15,30,822,102,645,14,24,990.0,267.8,0.0,0.153
2011,6,20,16,30,732,95,464,15,24,990.0,264.0,0.0,0.153
2011,6,20,17,30,609,74,276,16,22,990.0,276.2,0.1,0.153
2011,6,20,18,30,373,45,102,17,20,990.0,281.5,0.30000000000000004,0.153
2011,6,20,19,30,0,0,0,14,19,990.0,268.1,0.4,0.153
2011,6,20,20,30,0,0,0,14,18,990.0,259.7,0.30000000000000004,0.153
2011,6,20,21,30,0,0,0,14,17,990.0,284.0,0.2,0.153
2011,6,20,22,30,0,0,0,14,16,990.0,304.7,0.30000000000000004,0.153
2011,6,20,23,30,0,0,0,14,16,1000.0,316.20000000000005,0.30000000000000004,0.153
2011,6,21,0,30,0,0,0,14,15,1000.0,318.5,0.30000000000000004,0.153
2011,6,21,1,30,0,0,0,14,15,1000.0,305.5,0.30000000000000004,0.153
2011,6,21,2,30,0,0,0,14,14,1000.0,306.3,0.4,0.153
2011,6,21,3,30,0,0,0,13,14,1000.0,322.70000000000005,0.5,0.153
2011,6,21,4,30,45,11,12,13,15,1000.0,346.70000000000005,0.2,0.153
2011,6,21,5,30,364,63,137,14,17,1000.0,356.40000000000003,0.0,0.153
2011,6,21,6,30,558,98,311,15,19,1000.0,54.6,0.0,0.153
2011,6,21,7,30,716,106,500,15,22,1000.0,78.2,0.0,0.153
2011,6,21,8,30,779,121,667,15,23,1000.0,89.30000000000001,0.0,0.153
2011,6,21,9,30,816,133,803,15,24,1000.0,85.0,0.0,0.153
2011,6,21,10,30,842,137,899,15,25,1000.0,339.20000000000005,0.0,0.153
2011,6,21,11,30,844,144,942,15,26,1000.0,306.8,0.0,0.153
2011,6,21,12,30,831,151,931,16,27,1000.0,278.5,0.0,0.153
2011,6,21,13,30,743,194,852,16,27,1000.0,289.1,0.0,0.153
2011,6,21,14,30,186,378,526,17,27,1000.0,303.90000000000003,0.0,0.153
2011,6,21,15,30,376,263,512,18,27,1000.0,166.9,0.0,0.153
2011,6,21,16,30,472,160,398,19,27,1000.0,333.90000000000003,0.0,0.153
2011,6,21,17,30,0,108,108,18,25,1000.0,348.5,0.0,0.153
2011,6,21,18,30,0,39,39,20,23,1000.0,104.2,0.2,0.153
2011,6,21,19,30,0,0,0,18,21,1000.0,131.20000000000002,0.30000000000000004,0.153
2011,6,21,20,30,0,0,0,18,20,1000.0,149.8,0.30000000000000004,0.153
2011,6,21,21,30,0,0,0,18,19,1000.0,172.10000000000002,0.2,0.153
2011,6,21,22,30,0,0,0,18,18,1000.0,196.20000000000002,0.2,0.153
2011,6,21,23,30,0,0,0,17,18,1000.0,214.4,0.2,0.153
2011,6,22,0,30,0,0,0,17,18,1000.0,225.8,0.2,0.153
2011,6,22,1,30,0,0,0,17,17,1000.0,228.3,0.2,0.153
2011,6,22,2,30,0,0,0,17,17,1000.0,231.3,0.2,0.153
2011,6,22,3,30,0,0,0,17,18,1000.0,230.9,0.1,0.153
2011,6,22,4,30,0,1,1,17,18,1000.0,192.10000000000002,0.0,0.153
2011,6,22,5,30,0,22,22,18,18,1000.0,113.7,0.0,0.153
2011,6,22,6,30,0,93,93,18,19,1000.0,57.400000000000006,0.0,0.153
2011,6,22,7,30,0,40,40,18,19,1000.0,79.10000000000001,0.0,0.153
2011,6,22,8,30,0,139,139,18,20,1000.0,103.7,0.0,0.153
2011,6,22,9,30,4,169,173,19,21,1000.0,119.80000000000001,0.0,0.153
2011,6,22,10,30,6,171,176,19,21,1000.0,127.10000000000001,0.0,0.153
2011,6,22,11,30,4,155,159,20,21,1000.0,131.8,0.0,0.153
2011,6,22,12,30,2,146,148,20,22,1000.0,134.4,0.0,0.153
2011,6,22,13,30,11,230,240,20,21,1000.0,134.9,0.0,0.153
2011,6,22,14,30,7,196,201,20,21,1000.0,126.2,0.0,0.153
2011,6,22,15,30,0,130,130,20,20,990.0,120.10000000000001,0.0,0.153
2011,6,22,16,30,15,175,183,19,20,990.0,117.2,0.0,0.153
2011,6,22,17,30,0,22,22,19,19,990.0,115.30000000000001,0.0,0.153
2011,6,22,18,30,0,44,44,18,19,990.0,111.5,0.0,0.153
2011,6,22,19,30,0,0,0,18,18,990.0,106.30000000000001,0.0,0.153
2011,6,22,20,30,0,0,0,18,18,990.0,102.2,0.0,0.153
2011,6,22,21,30,0,0,0,17,18,990.0,103.0,0.0,0.153
2011,6,22,22,30,0,0,0,17,18,990.0,108.10000000000001,0.0,0.153
2011,6,22,23,30,0,0,0,17,17,990.0,111.9,0.0,0.153
2011,6,23,0,30,0,0,0,17,17,990.0,93.80000000000001,0.1,0.153
2011,6,23,1,30,0,0,0,16,17,990.0,67.7,0.0,0.153
2011,6,23,2,30,0,0,0,16,17,990.0,28.700000000000003,0.0,0.153
2011,6,23,3,30,0,0,0,16,17,990.0,21.1,0.0,0.153
2011,6,23,4,30,0,4,4,16,17,990.0,18.400000000000002,0.0,0.153
2011,6,23,5,30,0,30,30,16,17,990.0,22.1,0.0,0.153
2011,6,23,6,30,0,81,81,17,17,990.0,30.5,0.0,0.153
2011,6,23,7,30,0,153,153,17,17,990.0,43.1,0.0,0.153
2011,6,23,8,30,35,277,301,17,18,990.0,51.5,0.0,0.153
2011,6,23,9,30,10,229,237,17,18,990.0,56.2,0.0,0.153
2011,6,23,10,30,7,184,191,17,19,990.0,62.400000000000006,0.0,0.153
2011,6,23,11,30,12,247,259,17,19,990.0,70.60000000000001,0.0,0.153
2011,6,23,12,30,3,147,149,17,19,990.0,76.7,0.0,0.153
2011,6,23,13,30,0,137,138,17,19,990.0,81.60000000000001,0.0,0.153
2011,6,23,14,30,5,180,185,17,19,990.0,84.4,0.0,0.153
2011,6,23,15,30,11,214,221,17,18,990.0,85.2,0.0,0.153
2011,6,23,16,30,0,101,101,17,18,990.0,84.10000000000001,0.0,0.153
2011,6,23,17,30,0,71,71,17,17,990.0,74.60000000000001,0.0,0.153
2011,6,23,18,30,0,18,18,16,16,990.0,70.10000000000001,0.0,0.153
2011,6,23,19,30,0,0,0,15,16,990.0,65.3,0.0,0.153
2011,6,23,20,30,0,0,0,15,15,990.0,63.1,0.0,0.153
2011,6,23,21,30,0,0,0,15,15,990.0,65.3,0.0,0.153
2011,6,23,22,30,0,0,0,14,15,990.0,64.5,0.0,0.153
2011,6,23,23,30,0,0,0,14,14,990.0,59.6,0.0,0.153
2011,6,24,0,30,0,0,0,14,14,990.0,58.1,0.0,0.153
2011,6,24,1,30,0,0,0,13,14,990.0,59.400000000000006,0.0,0.153
2011,6,24,2,30,0,0,0,13,14,990.0,61.2,0.0,0.153
2011,6,24,3,30,0,0,0,13,14,990.0,68.3,0.0,0.153
2011,6,24,4,30,0,5,5,13,14,990.0,74.5,0.0,0.153
2011,6,24,5,30,0,19,19,14,14,990.0,76.7,0.0,0.153
2011,6,24,6,30,0,71,71,14,15,990.0,75.10000000000001,0.0,0.153
2011,6,24,7,30,0,154,154,15,16,990.0,77.80000000000001,0.0,0.153
2011,6,24,8,30,8,207,213,16,18,990.0,85.10000000000001,0.0,0.153
2011,6,24,9,30,0,141,142,16,19,990.0,95.0,0.0,0.153
2011,6,24,10,30,4,156,160,17,21,990.0,110.2,0.0,0.153
2011,6,24,11,30,14,266,280,17,22,990.0,123.5,0.0,0.153
2011,6,24,12,30,15,280,294,18,23,990.0,134.20000000000002,0.0,0.153
2011,6,24,13,30,8,197,204,18,23,990.0,138.20000000000002,0.0,0.153
2011,6,24,14,30,2,151,153,18,23,990.0,136.8,0.0,0.153
2011,6,24,15,30,0,129,129,19,22,990.0,127.5,0.0,0.153
2011,6,24,16,30,0,67,67,19,21,990.0,117.2,0.0,0.153
2011,6,24,17,30,0,10,10,19,20,990.0,110.0,0.0,0.153
2011,6,24,18,30,0,3,3,18,18,990.0,105.0,0.0,0.153
2011,6,24,19,30,0,0,0,16,17,990.0,100.7,0.0,0.153
2011,6,24,20,30,0,0,0,15,15,990.0,99.60000000000001,0.0,0.153
2011,6,24,21,30,0,0,0,14,15,990.0,100.10000000000001,0.0,0.153
2011,6,24,22,30,0,0,0,13,14,990.0,97.60000000000001,0.0,0.153
2011,6,24,23,30,0,0,0,13,14,990.0,88.80000000000001,0.0,0.153
2011,6,25,0,30,0,0,0,13,13,990.0,72.9,0.0,0.153
2011,6,25,1,30,0,0,0,11,13,990.0,63.7,0.0,0.153
2011,6,25,2,30,0,0,0,11,13,990.0,59.0,0.0,0.153
2011,6,25,3,30,0,0,0,11,12,990.0,55.2,0.0,0.153
2011,6,25,4,30,32,10,11,11,12,990.0,51.1,0.0,0.153
2011,6,25,5,30,0,35,35,11,13,990.0,44.5,0.0,0.153
2011,6,25,6,30,0,63,63,13,14,990.0,53.6,0.0,0.153
2011,6,25,7,30,2,163,164,14,16,990.0,65.7,0.0,0.153
2011,6,25,8,30,6,194,199,15,18,990.0,158.10000000000002,0.0,0.153
2011,6,25,9,30,17,278,292,16,20,990.0,212.3,0.0,0.153
2011,6,25,10,30,36,373,406,17,21,990.0,219.0,0.0,0.153
2011,6,25,11,30,71,445,512,17,22,990.0,216.8,0.0,0.153
2011,6,25,12,30,806,168,924,17,23,990.0,213.60000000000002,0.0,0.153
2011,6,25,13,30,753,188,856,18,23,990.0,209.10000000000002,0.0,0.153
2011,6,25,14,30,687,196,741,18,23,990.0,204.8,0.0,0.153
2011,6,25,15,30,604,191,592,18,23,990.0,200.10000000000002,0.0,0.153
2011,6,25,16,30,0,16,16,18,22,990.0,192.3,0.0,0.153
2011,6,25,17,30,44,124,139,19,21,990.0,175.5,0.0,0.153
2011,6,25,18,30,0,7,7,19,20,990.0,165.8,0.0,0.153
2011,6,25,19,30,0,0,0,18,18,990.0,174.70000000000002,0.0,0.148
2011,6,25,20,30,0,0,0,17,18,990.0,184.20000000000002,0.0,0.148
2011,6,25,21,30,0,0,0,17,17,990.0,193.20000000000002,0.0,0.148
2011,6,25,22,30,0,0,0,16,16,990.0,201.3,0.0,0.148
2011,6,25,23,30,0,0,0,15,16,990.0,206.8,0.0,0.148
2011,6,26,0,30,0,0,0,15,15,990.0,214.70000000000002,0.0,0.148
2011,6,26,1,30,0,0,0,14,15,990.0,245.0,0.1,0.148
2011,6,26,2,30,0,0,0,14,15,990.0,257.5,0.1,0.148
2011,6,26,3,30,0,0,0,14,15,1000.0,268.0,0.2,0.148
2011,6,26,4,30,61,10,12,15,15,1000.0,282.3,0.1,0.148
2011,6,26,5,30,417,55,138,16,17,1000.0,300.1,0.0,0.148
2011,6,26,6,30,611,84,314,18,20,1000.0,307.40000000000003,0.0,0.148
2011,6,26,7,30,161,237,325,18,22,1000.0,277.7,0.0,0.148
2011,6,26,8,30,275,308,500,16,22,1000.0,268.5,0.0,0.148
2011,6,26,9,30,354,358,648,16,23,1000.0,257.90000000000003,0.0,0.148
2011,6,26,10,30,283,430,686,15,23,1000.0,247.3,0.0,0.148
2011,6,26,11,30,332,441,755,16,24,1000.0,245.5,0.0,0.148
2011,6,26,12,30,408,397,780,16,24,1000.0,250.0,0.0,0.148
2011,6,26,13,30,228,432,634,16,24,1000.0,252.70000000000002,0.0,0.148
2011,6,26,14,30,237,372,560,16,23,1000.0,253.0,0.0,0.148
2011,6,26,15,30,115,300,376,17,23,1000.0,253.3,0.0,0.148
2011,6,26,16,30,15,175,183,18,22,1000.0,263.5,0.0,0.148
2011,6,26,17,30,97,129,162,19,21,1000.0,276.1,0.0,0.148
2011,6,26,18,30,0,45,45,19,19,1000.0,268.3,0.1,0.148
2011,6,26,19,30,0,0,0,18,18,1000.0,292.90000000000003,0.2,0.148
2011,6,26,20,30,0,0,0,17,18,1000.0,292.6,0.1,0.148
2011,6,26,21,30,0,0,0,16,17,1000.0,288.40000000000003,0.1,0.148
2011,6,26,22,30,0,0,0,16,16,1000.0,302.6,0.1,0.148
2011,6,26,23,30,0,0,0,15,16,1000.0,308.5,0.1,0.148
2011,6,27,0,30,0,0,0,15,15,1000.0,313.90000000000003,0.1,0.148
2011,6,27,1,30,0,0,0,15,15,1000.0,317.40000000000003,0.0,0.148
2011,6,27,2,30,0,0,0,15,15,1000.0,317.8,0.0,0.148
2011,6,27,3,30,0,0,0,15,15,1000.0,323.70000000000005,0.0,0.148
2011,6,27,4,30,96,10,12,15,16,1000.0,329.8,0.0,0.148
2011,6,27,5,30,493,45,143,16,18,1000.0,333.20000000000005,0.0,0.148
2011,6,27,6,30,687,64,322,16,20,1000.0,343.40000000000003,0.0,0.148
2011,6,27,7,30,794,75,509,17,22,1000.0,345.20000000000005,0.0,0.148
2011,6,27,8,30,851,85,678,17,24,1000.0,329.5,0.0,0.148
2011,6,27,9,30,882,94,817,17,25,1000.0,317.5,0.0,0.148
2011,6,27,10,30,900,101,913,17,26,1000.0,297.3,0.0,0.148
2011,6,27,11,30,906,105,960,17,26,1000.0,256.6,0.0,0.148
2011,6,27,12,30,459,387,818,17,27,1000.0,225.5,0.0,0.148
2011,6,27,13,30,863,122,887,17,26,1000.0,217.3,0.0,0.148
2011,6,27,14,30,826,121,776,18,26,1000.0,210.9,0.0,0.148
2011,6,27,15,30,772,114,627,18,26,1000.0,200.8,0.0,0.148
2011,6,27,16,30,734,87,459,19,26,1000.0,194.0,0.0,0.148
2011,6,27,17,30,595,74,272,20,24,1000.0,192.20000000000002,0.0,0.148
2011,6,27,18,30,205,53,85,20,22,1000.0,193.60000000000002,0.0,0.148
2011,6,27,19,30,0,0,0,19,20,1000.0,191.70000000000002,0.0,0.148
2011,6,27,20,30,0,0,0,18,19,1000.0,197.9,0.0,0.148
2011,6,27,21,30,0,0,0,18,18,1000.0,207.9,0.0,0.148
2011,6,27,22,30,0,0,0,17,18,1000.0,217.9,0.0,0.148
2011,6,27,23,30,0,0,0,17,18,1000.0,225.0,0.0,0.148
2011,6,28,0,30,0,0,0,16,17,1000.0,233.70000000000002,0.1,0.148
2011,6,28,1,30,0,0,0,16,17,1000.0,239.9,0.4,0.148
2011,6,28,2,30,0,0,0,16,17,1000.0,234.8,0.5,0.148
2011,6,28,3,30,0,0,0,16,17,1000.0,223.5,0.5,0.148
2011,6,28,4,30,0,9,9,16,18,1000.0,223.9,0.2,0.148
2011,6,28,5,30,0,61,61,17,19,1000.0,229.20000000000002,0.0,0.148
2011,6,28,6,30,203,145,221,17,21,1000.0,173.9,0.0,0.148
2011,6,28,7,30,502,168,442,17,23,1000.0,153.70000000000002,0.0,0.148
2011,6,28,8,30,750,136,658,17,24,1000.0,144.70000000000002,0.0,0.148
2011,6,28,9,30,795,146,797,18,25,1000.0,147.6,0.0,0.148
2011,6,28,10,30,231,441,650,18,26,1000.0,159.4,0.0,0.148
2011,6,28,11,30,309,447,739,18,26,990.0,173.70000000000002,0.0,0.148
2011,6,28,12,30,48,414,459,18,26,990.0,182.9,0.0,0.148
2011,6,28,13,30,171,438,590,19,26,990.0,186.9,0.0,0.148
2011,6,28,14,30,17,269,283,20,26,990.0,190.20000000000002,0.0,0.148
2011,6,28,15,30,35,261,285,21,25,990.0,192.60000000000002,0.0,0.148
2011,6,28,16,30,73,209,246,21,24,990.0,186.60000000000002,0.0,0.148
2011,6,28,17,30,75,128,153,21,23,990.0,178.60000000000002,0.0,0.148
2011,6,28,18,30,9,52,54,20,21,990.0,176.20000000000002,0.0,0.148
2011,6,28,19,30,0,0,0,20,21,990.0,178.70000000000002,0.0,0.148
2011,6,28,20,30,0,0,0,20,20,990.0,177.0,0.0,0.148
2011,6,28,21,30,0,0,0,19,20,990.0,176.4,0.0,0.148
2011,6,28,22,30,0,0,0,19,20,990.0,177.10000000000002,0.0,0.148
2011,6,28,23,30,0,0,0,19,19,990.0,176.9,0.0,0.148
2011,6,29,0,30,0,0,0,19,19,990.0,174.60000000000002,0.0,0.148
2011,6,29,1,30,0,0,0,19,19,990.0,178.9,0.0,0.148
2011,6,29,2,30,0,0,0,19,19,990.0,197.3,0.0,0.148
2011,6,29,3,30,0,0,0,19,19,990.0,238.4,0.0,0.148
2011,6,29,4,30,0,1,1,19,19,990.0,270.8,0.0,0.148
2011,6,29,5,30,0,64,64,19,20,990.0,283.8,0.0,0.148
2011,6,29,6,30,182,146,214,20,21,990.0,286.8,0.0,0.148
2011,6,29,7,30,506,166,442,20,22,990.0,294.3,0.0,0.148
2011,6,29,8,30,778,127,668,18,23,990.0,285.5,0.0,0.148
2011,6,29,9,30,30,321,346,17,24,990.0,283.1,0.0,0.148
2011,6,29,10,30,464,361,780,16,25,990.0,276.1,0.0,0.148
2011,6,29,11,30,856,147,953,16,25,990.0,270.2,0.0,0.148
2011,6,29,12,30,73,442,511,16,25,990.0,270.1,0.0,0.148
2011,6,29,13,30,836,143,884,16,24,990.0,273.1,0.0,0.148
2011,6,29,14,30,391,328,638,16,24,990.0,277.3,0.0,0.148
2011,6,29,15,30,747,127,623,16,23,990.0,282.2,0.0,0.148
2011,6,29,16,30,727,90,459,16,22,990.0,287.6,0.0,0.148
2011,6,29,17,30,611,71,275,16,21,990.0,292.90000000000003,0.0,0.148
2011,6,29,18,30,36,53,59,16,19,990.0,295.40000000000003,0.0,0.148
2011,6,29,19,30,0,0,0,16,18,990.0,296.1,0.0,0.148
2011,6,29,20,30,0,0,0,15,16,990.0,294.8,0.0,0.148
2011,6,29,21,30,0,0,0,15,16,990.0,293.40000000000003,0.0,0.148
2011,6,29,22,30,0,0,0,14,15,990.0,291.5,0.0,0.148
2011,6,29,23,30,0,0,0,14,15,990.0,290.7,0.0,0.148
2011,6,30,0,30,0,0,0,14,15,1000.0,291.7,0.0,0.148
2011,6,30,1,30,0,0,0,14,14,1000.0,294.5,0.0,0.148
2011,6,30,2,30,0,0,0,14,14,1000.0,296.1,0.0,0.148
2011,6,30,3,30,0,0,0,13,14,1000.0,296.1,0.0,0.148
2011,6,30,4,30,74,10,11,13,14,1000.0,294.3,0.0,0.148
2011,6,30,5,30,462,51,141,14,16,1000.0,280.90000000000003,0.0,0.148
2011,6,30,6,30,662,75,322,14,18,1000.0,293.40000000000003,0.0,0.148
2011,6,30,7,30,776,90,512,14,20,1000.0,301.40000000000003,0.0,0.148
2011,6,30,8,30,843,101,687,13,21,1000.0,300.6,0.0,0.148
2011,6,30,9,30,884,108,830,13,22,1000.0,298.3,0.0,0.148
2011,6,30,10,30,905,112,928,13,23,1000.0,295.40000000000003,0.0,0.148
2011,6,30,11,30,913,114,974,13,23,1000.0,292.7,0.0,0.148
2011,6,30,12,30,238,462,686,13,24,1000.0,290.7,0.0,0.148
2011,6,30,13,30,335,404,701,13,24,1000.0,288.6,0.0,0.148
2011,6,30,14,30,863,109,793,13,24,1000.0,287.40000000000003,0.0,0.148
2011,6,30,15,30,822,99,645,13,23,1000.0,285.7,0.0,0.148
2011,6,30,16,30,753,87,469,14,22,1000.0,286.3,0.0,0.148
2011,6,30,17,30,645,68,283,15,21,1000.0,289.90000000000003,0.0,0.148
2011,6,30,18,30,434,41,109,16,18,1000.0,295.0,0.0,0.148
2015,6,30,19,30,0,0,0,16,19,1000.0,156.4,0.0,0.155
2015,6,30,20,30,0,0,0,17,18,1000.0,154.70000000000002,0.0,0.155
2015,6,30,21,30,0,0,0,17,18,1000.0,152.3,0.0,0.155
2015,6,30,22,30,0,0,0,17,18,1000.0,148.6,0.0,0.155
2015,6,30,23,30,0,0,0,17,18,1000.0,143.8,0.0,0.155
2015,7,1,0,30,0,0,0,17,18,1000.0,138.70000000000002,0.0,0.155
2015,7,1,1,30,0,0,0,17,18,990.0,144.20000000000002,0.0,0.155
2015,7,1,2,30,0,0,0,17,18,990.0,142.70000000000002,0.0,0.155
2015,7,1,3,30,0,0,0,17,18,990.0,143.1,0.0,0.155
2015,7,1,4,30,0,0,0,17,18,990.0,141.0,0.0,0.155
2015,7,1,5,30,0,58,58,18,18,990.0,147.20000000000002,0.0,0.155
2015,7,1,6,30,0,33,33,18,19,990.0,141.20000000000002,0.0,0.155
2015,7,1,7,30,5,169,173,19,19,990.0,133.8,0.0,0.155
2015,7,1,8,30,0,134,134,19,20,990.0,134.4,0.0,0.155
2015,7,1,9,30,51,353,395,20,21,990.0,146.1,0.0,0.155
2015,7,1,10,30,18,308,325,21,22,990.0,176.5,0.0,0.155
2015,7,1,11,30,215,470,673,21,23,990.0,199.9,0.0,0.155
2015,7,1,12,30,131,468,590,20,24,990.0,212.3,0.0,0.155
2015,7,1,13,30,243,430,645,19,25,990.0,218.5,0.0,0.155
2015,7,1,14,30,561,273,718,18,25,990.0,226.70000000000002,0.0,0.155
2015,7,1,15,30,509,237,575,18,24,990.0,230.60000000000002,0.0,0.155
2015,7,1,16,30,435,188,409,18,23,990.0,230.8,0.0,0.155
2015,7,1,17,30,0,9,9,19,22,990.0,230.0,0.0,0.155
2015,7,1,18,30,20,53,56,19,21,990.0,234.4,0.0,0.155
2015,7,1,19,30,0,0,0,18,20,990.0,244.20000000000002,0.0,0.155
2015,7,1,20,30,0,0,0,18,19,990.0,257.2,0.0,0.155
2015,7,1,21,30,0,0,0,18,18,990.0,271.40000000000003,0.0,0.155
2015,7,1,22,30,0,0,0,17,18,990.0,278.0,0.0,0.155
2015,7,1,23,30,0,0,0,16,17,990.0,276.1,0.0,0.155
2015,7,2,0,30,0,0,0,16,16,990.0,271.3,0.0,0.155
2015,7,2,1,30,0,0,0,15,15,990.0,272.6,0.0,0.155
2015,7,2,2,30,0,0,0,14,15,990.0,276.1,0.0,0.155
2015,7,2,3,30,0,0,0,14,15,990.0,279.40000000000003,0.0,0.155
2015,7,2,4,30,42,8,9,15,16,990.0,281.0,0.0,0.155
2015,7,2,5,30,421,49,130,15,17,990.0,277.3,0.0,0.155
2015,7,2,6,30,262,137,234,15,19,1000.0,292.8,0.0,0.155
2015,7,2,7,30,700,114,493,15,20,1000.0,302.1,0.0,0.155
2015,7,2,8,30,769,130,663,14,22,1000.0,291.8,0.0,0.155
2015,7,2,9,30,805,145,801,14,23,1000.0,280.0,0.0,0.155
2015,7,2,10,30,224,441,643,14,23,1000.0,274.3,0.0,0.155
2015,7,2,11,30,147,472,610,14,24,1000.0,271.8,0.0,0.155
2015,7,2,12,30,374,413,763,14,24,1000.0,270.5,0.0,0.155
2015,7,2,13,30,286,418,672,14,24,1000.0,266.7,0.0,0.155
2015,7,2,14,30,172,379,516,14,24,1000.0,265.3,0.0,0.155
2015,7,2,15,30,451,238,537,15,23,990.0,267.90000000000003,0.0,0.155
2015,7,2,16,30,181,214,306,15,22,990.0,276.8,0.0,0.155
2015,7,2,17,30,25,120,128,16,21,990.0,280.1,0.0,0.155
2015,7,2,18,30,111,56,74,18,19,990.0,289.6,0.2,0.155
2015,7,2,19,30,0,0,0,16,17,1000.0,318.20000000000005,0.30000000000000004,0.155
2015,7,2,20,30,0,0,0,15,16,1000.0,328.5,0.1,0.155
2015,7,2,21,30,0,0,0,15,16,1000.0,341.3,0.0,0.155
2015,7,2,22,30,0,0,0,14,15,1000.0,338.20000000000005,0.0,0.155
2015,7,2,23,30,0,0,0,13,14,1000.0,334.1,0.0,0.155
2015,7,3,0,30,0,0,0,13,14,1000.0,333.0,0.0,0.155
2015,7,3,1,30,0,0,0,13,13,1000.0,332.90000000000003,0.0,0.155
2015,7,3,2,30,0,0,0,11,13,1000.0,333.70000000000005,0.0,0.155
2015,7,3,3,30,0,0,0,11,12,1000.0,336.3,0.0,0.155
2015,7,3,4,30,0,0,0,11,13,1000.0,343.70000000000005,0.0,0.155
2015,7,3,5,30,472,49,139,12,15,1000.0,351.3,0.0,0.155
2015,7,3,6,30,683,72,323,12,17,1000.0,353.20000000000005,0.0,0.155
2015,7,3,7,30,793,87,515,11,20,1000.0,17.7,0.0,0.155
2015,7,3,8,30,853,100,690,10,21,1000.0,17.8,0.0,0.155
2015,7,3,9,30,887,111,833,10,22,1000.0,6.300000000000001,0.0,0.155
2015,7,3,10,30,924,107,938,10,23,1000.0,350.5,0.0,0.155
2015,7,3,11,30,932,109,987,11,24,1000.0,331.20000000000005,0.0,0.155
2015,7,3,12,30,928,111,980,11,24,1000.0,304.7,0.0,0.155
2015,7,3,13,30,896,119,913,11,25,1000.0,279.1,0.0,0.155
2015,7,3,14,30,855,120,798,11,24,1000.0,263.90000000000003,0.0,0.155
2015,7,3,15,30,799,114,644,12,24,1000.0,258.7,0.0,0.155
2015,7,3,16,30,417,174,385,12,24,1000.0,250.0,0.0,0.155
2015,7,3,17,30,594,78,276,13,22,1000.0,243.9,0.2,0.155
2015,7,3,18,30,371,45,102,15,20,1000.0,247.20000000000002,0.5,0.155
2015,7,3,19,30,0,0,0,12,19,1000.0,234.20000000000002,0.6000000000000001,0.155
2015,7,3,20,30,0,0,0,12,18,1000.0,215.4,0.5,0.155
2015,7,3,21,30,0,0,0,12,17,1000.0,198.3,0.4,0.155
2015,7,3,22,30,0,0,0,13,16,1000.0,193.5,0.30000000000000004,0.155
2015,7,3,23,30,0,0,0,13,15,1000.0,195.4,0.1,0.155
2015,7,4,0,30,0,0,0,14,15,1000.0,193.4,0.0,0.155
2015,7,4,1,30,0,0,0,14,14,1000.0,188.5,0.0,0.155
2015,7,4,2,30,0,0,0,14,14,1000.0,186.70000000000002,0.0,0.155
2015,7,4,3,30,0,0,0,14,14,1000.0,189.70000000000002,0.0,0.155
2015,7,4,4,30,0,0,0,15,15,1000.0,187.3,0.0,0.155
2015,7,4,5,30,97,67,85,15,17,1000.0,183.0,0.0,0.155
2015,7,4,6,30,13,127,132,15,20,1000.0,169.9,0.0,0.155
2015,7,4,7,30,32,204,222,14,21,1000.0,162.20000000000002,0.0,0.155
2015,7,4,8,30,52,290,326,13,22,1000.0,145.5,0.0,0.155
2015,7,4,9,30,25,304,325,13,22,1000.0,139.20000000000002,0.0,0.155
2015,7,4,10,30,22,329,349,14,23,1000.0,134.4,0.0,0.155
2015,7,4,11,30,14,269,282,14,23,1000.0,118.30000000000001,0.0,0.155
2015,7,4,12,30,0,115,115,14,23,1000.0,102.4,0.0,0.155
2015,7,4,13,30,13,259,271,14,23,1000.0,97.2,0.0,0.155
2015,7,4,14,30,9,221,228,14,22,1000.0,90.80000000000001,0.0,0.155
2015,7,4,15,30,21,240,254,14,22,1000.0,73.9,0.0,0.155
2015,7,4,16,30,192,213,310,14,22,1000.0,49.900000000000006,0.0,0.155
2015,7,4,17,30,433,107,252,16,21,1000.0,299.5,0.1,0.155
2015,7,4,18,30,224,55,90,17,19,1000.0,330.40000000000003,0.30000000000000004,0.155
2015,7,4,19,30,0,0,0,15,18,1000.0,325.70000000000005,0.5,0.155
2015,7,4,20,30,0,0,0,14,17,1000.0,304.90000000000003,0.5,0.155
2015,7,4,21,30,0,0,0,14,16,1000.0,277.8,0.6000000000000001,0.155
2015,7,4,22,30,0,0,0,14,15,1000.0,267.5,0.5,0.155
2015,7,4,23,30,0,0,0,13,14,1000.0,268.5,0.2,0.155
2015,7,5,0,30,0,0,0,13,14,1000.0,273.7,0.0,0.155
2015,7,5,1,30,0,0,0,13,14,1000.0,276.2,0.0,0.155
2015,7,5,2,30,0,0,0,13,14,1000.0,278.40000000000003,0.0,0.155
2015,7,5,3,30,0,0,0,13,14,1000.0,279.6,0.0,0.155
2015,7,5,4,30,0,0,0,14,14,1000.0,283.90000000000003,0.0,0.155
2015,7,5,5,30,252,67,114,15,16,1000.0,286.0,0.0,0.155
2015,7,5,6,30,453,118,283,16,18,1000.0,280.3,0.0,0.155
2015,7,5,7,30,582,152,465,17,21,1000.0,304.40000000000003,0.0,0.155
2015,7,5,8,30,664,177,635,16,23,1000.0,310.0,0.0,0.155
2015,7,5,9,30,719,193,777,16,24,1000.0,303.40000000000003,0.0,0.155
2015,7,5,10,30,691,241,861,15,25,1000.0,293.3,0.0,0.155
2015,7,5,11,30,696,253,907,15,26,1000.0,282.2,0.0,0.155
2015,7,5,12,30,686,258,900,15,27,1000.0,274.0,0.0,0.155
2015,7,5,13,30,566,315,816,15,27,1000.0,269.0,0.0,0.155
2015,7,5,14,30,261,366,573,15,27,1000.0,265.3,0.0,0.155
2015,7,5,15,30,35,261,284,16,26,1000.0,266.0,0.0,0.155
2015,7,5,16,30,78,222,262,16,25,1000.0,269.90000000000003,0.0,0.155
2015,7,5,17,30,271,138,228,18,23,1000.0,273.1,0.2,0.155
2015,7,5,18,30,119,54,72,19,21,1000.0,274.40000000000003,0.6000000000000001,0.155
2015,7,5,19,30,0,0,0,17,20,1000.0,268.2,0.7000000000000001,0.155
2015,7,5,20,30,0,0,0,16,19,1000.0,261.40000000000003,0.7000000000000001,0.155
2015,7,5,21,30,0,0,0,16,18,1000.0,259.0,0.6000000000000001,0.155
2015,7,5,22,30,0,0,0,16,17,1000.0,259.90000000000003,0.6000000000000001,0.155
2015,7,5,23,30,0,0,0,16,17,1000.0,262.5,0.6000000000000001,0.155
2015,7,6,0,30,0,0,0,15,17,1000.0,266.6,0.6000000000000001,0.155
2015,7,6,1,30,0,0,0,15,17,1000.0,272.6,0.7000000000000001,0.155
2015,7,6,2,30,0,0,0,15,17,1000.0,279.90000000000003,0.7000000000000001,0.155
2015,7,6,3,30,0,0,0,15,17,1000.0,290.5,0.6000000000000001,0.155
2015,7,6,4,30,0,0,0,15,17,1000.0,300.2,0.4,0.155
2015,7,6,5,30,52,65,75,16,19,1000.0,313.0,0.1,0.155
2015,7,6,6,30,361,120,252,17,21,1000.0,255.0,0.0,0.155
2015,7,6,7,30,469,175,426,16,24,1000.0,192.4,0.0,0.155
2015,7,6,8,30,527,243,606,15,26,1000.0,203.10000000000002,0.0,0.155
2015,7,6,9,30,489,295,692,15,27,1000.0,215.8,0.0,0.155
2015,7,6,10,30,503,346,798,15,28,1000.0,211.20000000000002,0.0,0.155
2015,7,6,11,30,593,320,877,15,28,1000.0,209.8,0.0,0.155
2015,7,6,12,30,572,332,867,16,28,1000.0,207.60000000000002,0.0,0.155
2015,7,6,13,30,488,342,774,16,29,1000.0,208.60000000000002,0.0,0.155
2015,7,6,14,30,381,332,634,16,28,1000.0,208.70000000000002,0.0,0.155
2015,7,6,15,30,346,310,540,17,27,1000.0,204.4,0.0,0.155
2015,7,6,16,30,272,239,377,18,26,1000.0,190.5,0.0,0.155
2015,7,6,17,30,189,147,210,19,24,1000.0,184.0,0.0,0.155
2015,7,6,18,30,81,50,63,20,22,1000.0,176.70000000000002,0.0,0.155
2015,7,6,19,30,0,0,0,19,21,1000.0,175.60000000000002,0.0,0.155
2015,7,6,20,30,0,0,0,18,20,1000.0,176.0,0.0,0.155
2015,7,6,21,30,0,0,0,18,19,1000.0,180.4,0.0,0.155
2015,7,6,22,30,0,0,0,17,18,1000.0,184.3,0.0,0.155
2015,7,6,23,30,0,0,0,17,17,1000.0,186.3,0.0,0.155
2015,7,7,0,30,0,0,0,17,17,1000.0,184.70000000000002,0.0,0.155
2015,7,7,1,30,0,0,0,17,17,1000.0,178.10000000000002,0.0,0.155
2015,7,7,2,30,0,0,0,17,17,1000.0,168.9,0.0,0.155
2015,7,7,3,30,0,0,0,17,17,1000.0,158.3,0.0,0.155
2015,7,7,4,30,0,0,0,18,19,1000.0,150.5,0.0,0.155
2015,7,7,5,30,246,67,113,19,21,1000.0,142.70000000000002,0.0,0.155
2015,7,7,6,30,0,71,71,19,23,1000.0,151.3,0.0,0.155
2015,7,7,7,30,21,192,203,20,25,1000.0,163.60000000000002,0.0,0.155
2015,7,7,8,30,18,241,254,20,26,1000.0,165.4,0.0,0.155
2015,7,7,9,30,56,355,401,20,27,1000.0,168.10000000000002,0.0,0.155
2015,7,7,10,30,79,422,493,20,27,1000.0,171.9,0.0,0.155
2015,7,7,11,30,0,137,137,21,28,1000.0,174.10000000000002,0.0,0.155
2015,7,7,12,30,0,101,101,21,28,1000.0,175.9,0.0,0.155
2015,7,7,13,30,455,350,752,21,27,1000.0,178.8,0.0,0.155
2015,7,7,14,30,684,189,730,21,27,1000.0,182.20000000000002,0.0,0.155
2015,7,7,15,30,298,282,480,22,26,1000.0,184.4,0.0,0.155
2015,7,7,16,30,0,38,38,22,26,1000.0,185.20000000000002,0.0,0.155
2015,7,7,17,30,218,123,195,22,25,1000.0,185.3,0.0,0.155
2015,7,7,18,30,0,27,27,22,23,1000.0,183.20000000000002,0.0,0.155
2015,7,7,19,30,0,0,0,22,22,1000.0,181.10000000000002,0.0,0.155
2015,7,7,20,30,0,0,0,21,22,1000.0,178.3,0.0,0.155
2015,7,7,21,30,0,0,0,21,21,1000.0,181.3,0.0,0.155
2015,7,7,22,30,0,0,0,21,21,1000.0,189.60000000000002,0.0,0.155
2015,7,7,23,30,0,0,0,20,21,1000.0,200.60000000000002,0.0,0.155
2015,7,8,0,30,0,0,0,20,21,1000.0,210.70000000000002,0.0,0.155
2015,7,8,1,30,0,0,0,20,20,1000.0,212.60000000000002,0.0,0.155
2015,7,8,2,30,0,0,0,20,20,1000.0,209.10000000000002,0.0,0.155
2015,7,8,3,30,0,0,0,20,20,1000.0,208.8,0.0,0.155
2015,7,8,4,30,0,0,0,20,21,1000.0,216.9,0.0,0.155
2015,7,8,5,30,48,63,72,21,21,1000.0,209.70000000000002,0.0,0.155
2015,7,8,6,30,12,125,129,22,22,1000.0,211.9,0.0,0.155
2015,7,8,7,30,40,208,229,22,23,1000.0,222.70000000000002,0.0,0.155
2015,7,8,8,30,8,205,211,23,24,1000.0,241.9,0.0,0.155
2015,7,8,9,30,54,353,398,22,26,1000.0,258.40000000000003,0.0,0.155
2015,7,8,10,30,603,281,821,21,27,1000.0,269.6,0.0,0.155
2015,7,8,11,30,581,317,862,21,28,1000.0,267.5,0.0,0.155
2015,7,8,12,30,28,364,390,21,29,1000.0,263.90000000000003,0.0,0.155
2015,7,8,13,30,371,386,713,21,29,1000.0,263.7,0.0,0.155
2015,7,8,14,30,314,353,601,21,28,1000.0,273.0,0.0,0.155
2015,7,8,15,30,192,299,426,21,27,1000.0,291.1,0.0,0.155
2015,7,8,16,30,338,190,361,21,26,1000.0,313.90000000000003,0.0,0.155
2015,7,8,17,30,380,114,240,21,25,1000.0,316.90000000000003,0.0,0.155
2015,7,8,18,30,152,54,77,20,23,1000.0,344.0,0.0,0.155
2015,7,8,19,30,0,0,0,19,21,1000.0,1.5,0.0,0.155
2015,7,8,20,30,0,0,0,18,20,1000.0,4.7,0.0,0.155
2015,7,8,21,30,0,0,0,17,19,1000.0,10.5,0.0,0.155
2015,7,8,22,30,0,0,0,17,19,1000.0,24.0,0.0,0.155
2015,7,8,23,30,0,0,0,16,18,1000.0,28.900000000000002,0.0,0.155
2015,7,9,0,30,0,0,0,16,17,1000.0,30.900000000000002,0.0,0.155
2015,7,9,1,30,0,0,0,16,17,1000.0,38.400000000000006,0.0,0.155
2015,7,9,2,30,0,0,0,15,16,1000.0,42.1,0.0,0.155
2015,7,9,3,30,0,0,0,15,16,1000.0,43.1,0.0,0.155
2015,7,9,4,30,0,0,0,15,16,1000.0,49.900000000000006,0.0,0.155
2015,7,9,5,30,0,44,44,15,17,1000.0,55.400000000000006,0.0,0.155
2015,7,9,6,30,16,126,132,14,19,1000.0,74.5,0.0,0.155
2015,7,9,7,30,0,95,95,14,21,1000.0,82.10000000000001,0.0,0.155
2015,7,9,8,30,36,271,295,14,22,1000.0,83.7,0.0,0.155
2015,7,9,9,30,64,361,414,15,24,1000.0,85.7,0.0,0.155
2015,7,9,10,30,25,337,360,15,25,1000.0,241.20000000000002,0.0,0.155
2015,7,9,11,30,434,389,796,16,26,1000.0,235.4,0.0,0.155
2015,7,9,12,30,93,453,540,17,26,1000.0,221.9,0.0,0.155
2015,7,9,13,30,334,407,702,17,26,1000.0,212.0,0.0,0.155
2015,7,9,14,30,134,376,482,18,26,1000.0,209.20000000000002,0.0,0.155
2015,7,9,15,30,106,297,367,18,25,990.0,205.20000000000002,0.0,0.155
2015,7,9,16,30,55,202,230,19,24,990.0,197.8,0.0,0.155
2015,7,9,17,30,119,128,167,20,23,990.0,189.60000000000002,0.0,0.155
2015,7,9,18,30,0,45,45,20,21,990.0,175.60000000000002,0.0,0.155
2015,7,9,19,30,0,0,0,20,20,990.0,164.8,0.0,0.155
2015,7,9,20,30,0,0,0,19,19,990.0,158.8,0.0,0.155
2015,7,9,21,30,0,0,0,18,19,990.0,154.10000000000002,0.0,0.155
2015,7,9,22,30,0,0,0,18,18,990.0,146.70000000000002,0.0,0.155
2015,7,9,23,30,0,0,0,17,18,990.0,137.3,0.0,0.155
2015,7,10,0,30,0,0,0,17,18,990.0,122.30000000000001,0.0,0.155
2015,7,10,1,30,0,0,0,17,18,990.0,85.9,0.0,0.155
2015,7,10,2,30,0,0,0,17,18,990.0,41.900000000000006,0.0,0.155
2015,7,10,3,30,0,0,0,17,18,990.0,24.1,0.0,0.155
2015,7,10,4,30,0,0,0,17,18,990.0,12.9,0.0,0.155
2015,7,10,5,30,0,46,46,18,18,990.0,1.5,0.0,0.155
2015,7,10,6,30,131,141,188,18,19,1000.0,358.0,0.0,0.155
2015,7,10,7,30,167,227,316,19,20,1000.0,358.6,0.0,0.155
2015,7,10,8,30,739,142,647,18,22,1000.0,356.8,0.0,0.155
2015,7,10,9,30,496,292,693,16,23,1000.0,353.0,0.0,0.155
2015,7,10,10,30,249,432,655,16,24,1000.0,348.3,0.0,0.155
2015,7,10,11,30,896,122,960,15,25,1000.0,344.70000000000005,0.0,0.155
2015,7,10,12,30,893,122,954,15,26,1000.0,342.5,0.0,0.155
2015,7,10,13,30,844,139,884,15,26,1000.0,338.40000000000003,0.0,0.155
2015,7,10,14,30,806,136,773,15,26,1000.0,332.3,0.0,0.155
2015,7,10,15,30,740,132,620,16,25,1000.0,326.20000000000005,0.0,0.155
2015,7,10,16,30,214,209,317,16,24,1000.0,320.40000000000003,0.0,0.155
2015,7,10,17,30,481,97,255,17,23,1000.0,316.1,0.0,0.155
2015,7,10,18,30,246,51,88,18,21,1000.0,313.5,0.0,0.155
2015,7,10,19,30,0,0,0,17,19,1000.0,314.70000000000005,0.0,0.155
2015,7,10,20,30,0,0,0,17,19,1000.0,318.8,0.0,0.155
2015,7,10,21,30,0,0,0,17,18,1000.0,322.8,0.0,0.155
2015,7,10,22,30,0,0,0,17,17,1000.0,329.1,0.0,0.155
2015,7,10,23,30,0,0,0,16,17,1000.0,335.5,0.0,0.155
2015,7,11,0,30,0,0,0,16,16,1000.0,338.1,0.0,0.155
2015,7,11,1,30,0,0,0,15,16,1000.0,337.40000000000003,0.0,0.155
2015,7,11,2,30,0,0,0,15,15,1000.0,335.20000000000005,0.0,0.155
2015,7,11,3,30,0,0,0,15,15,1000.0,330.6,0.0,0.155
2015,7,11,4,30,0,0,0,15,16,1000.0,326.6,0.0,0.155
2015,7,11,5,30,373,52,118,15,18,1000.0,319.5,0.0,0.155
2015,7,11,6,30,590,83,293,15,20,1000.0,309.6,0.0,0.155
2015,7,11,7,30,712,103,479,15,23,1000.0,336.8,0.0,0.155
2015,7,11,8,30,785,116,652,15,25,1000.0,344.5,0.0,0.155
2015,7,11,9,30,830,126,795,14,26,1000.0,338.40000000000003,0.0,0.155
2015,7,11,10,30,861,128,897,14,27,1000.0,330.8,0.0,0.155
2015,7,11,11,30,874,131,948,14,27,1000.0,324.20000000000005,0.0,0.155
2015,7,11,12,30,874,130,945,14,28,1000.0,319.1,0.0,0.155
2015,7,11,13,30,851,133,883,15,28,1000.0,314.40000000000003,0.0,0.155
2015,7,11,14,30,820,127,774,15,28,1000.0,311.70000000000005,0.0,0.155
2015,7,11,15,30,767,118,624,15,28,1000.0,309.8,0.0,0.155
2015,7,11,16,30,680,104,446,15,27,1000.0,309.70000000000005,0.0,0.155
2015,7,11,17,30,537,83,259,16,25,1000.0,305.6,0.1,0.155
2015,7,11,18,30,299,46,90,19,22,1000.0,290.90000000000003,0.30000000000000004,0.155
2015,7,11,19,30,0,0,0,17,20,1000.0,280.8,0.4,0.14400000000000002
2015,7,11,20,30,0,0,0,17,19,1000.0,278.7,0.2,0.14400000000000002
2015,7,11,21,30,0,0,0,17,19,1000.0,280.5,0.1,0.14400000000000002
2015,7,11,22,30,0,0,0,17,18,1000.0,280.8,0.0,0.14400000000000002
2015,7,11,23,30,0,0,0,17,18,1000.0,284.90000000000003,0.0,0.14400000000000002
2015,7,12,0,30,0,0,0,17,17,1000.0,293.5,0.0,0.14400000000000002
2015,7,12,1,30,0,0,0,16,17,1000.0,295.0,0.0,0.14400000000000002
2015,7,12,2,30,0,0,0,16,17,1000.0,295.3,0.0,0.14400000000000002
2015,7,12,3,30,0,0,0,16,16,1000.0,296.2,0.0,0.14400000000000002
2015,7,12,4,30,0,0,0,16,17,1000.0,296.40000000000003,0.0,0.14400000000000002
2015,7,12,5,30,254,61,105,16,19,1000.0,295.3,0.0,0.14400000000000002
2015,7,12,6,30,458,110,273,16,21,1000.0,279.1,0.0,0.14400000000000002
2015,7,12,7,30,593,141,454,16,24,1000.0,292.0,0.0,0.14400000000000002
2015,7,12,8,30,682,160,624,16,26,1000.0,281.0,0.0,0.14400000000000002
2015,7,12,9,30,740,170,766,16,28,1000.0,261.6,0.0,0.14400000000000002
2015,7,12,10,30,745,195,859,16,29,1000.0,254.20000000000002,0.0,0.14400000000000002
2015,7,12,11,30,759,199,908,16,29,1000.0,253.8,0.0,0.14400000000000002
2015,7,12,12,30,753,201,902,16,30,1000.0,256.3,0.0,0.14400000000000002
2015,7,12,13,30,691,223,832,16,31,1000.0,259.2,0.0,0.14400000000000002
2015,7,12,14,30,651,212,725,16,30,1000.0,260.5,0.0,0.14400000000000002
2015,7,12,15,30,590,192,581,16,29,1000.0,264.2,0.0,0.14400000000000002
2015,7,12,16,30,500,160,411,17,28,1000.0,263.90000000000003,0.0,0.14400000000000002
2015,7,12,17,30,365,116,235,19,26,1000.0,272.5,0.1,0.14400000000000002
2015,7,12,18,30,167,52,77,21,24,1000.0,278.6,0.30000000000000004,0.14400000000000002
2015,7,12,19,30,0,0,0,20,23,1000.0,282.90000000000003,0.30000000000000004,0.14400000000000002
2015,7,12,20,30,0,0,0,19,22,1000.0,282.3,0.30000000000000004,0.14400000000000002
2015,7,12,21,30,0,0,0,19,21,1000.0,289.1,0.4,0.14400000000000002
2015,7,12,22,30,0,0,0,19,21,1000.0,295.0,0.4,0.14400000000000002
2015,7,12,23,30,0,0,0,19,21,1000.0,295.40000000000003,0.4,0.14400000000000002
2015,7,13,0,30,0,0,0,19,20,1000.0,291.40000000000003,0.4,0.14400000000000002
2015,7,13,1,30,0,0,0,19,20,1000.0,295.3,0.4,0.14400000000000002
2015,7,13,2,30,0,0,0,19,20,1000.0,304.8,0.30000000000000004,0.14400000000000002
2015,7,13,3,30,0,0,0,19,19,1000.0,320.40000000000003,0.2,0.14400000000000002
2015,7,13,4,30,0,0,0,19,19,1000.0,11.8,0.1,0.14400000000000002
2015,7,13,5,30,127,60,82,20,21,1000.0,92.0,0.0,0.14400000000000002
2015,7,13,6,30,272,127,224,20,23,1000.0,128.1,0.0,0.14400000000000002
2015,7,13,7,30,268,214,354,20,24,1000.0,137.20000000000002,0.0,0.14400000000000002
2015,7,13,8,30,394,267,534,19,26,1000.0,144.6,0.0,0.14400000000000002
2015,7,13,9,30,260,374,584,19,27,1000.0,154.0,0.0,0.14400000000000002
2015,7,13,10,30,335,407,705,19,27,1000.0,158.9,0.0,0.14400000000000002
2015,7,13,11,30,439,387,797,19,28,1000.0,157.8,0.0,0.14400000000000002
2015,7,13,12,30,271,450,702,18,28,1000.0,153.20000000000002,0.0,0.14400000000000002
2015,7,13,13,30,437,353,738,18,27,990.0,151.9,0.0,0.14400000000000002
2015,7,13,14,30,23,289,308,18,27,990.0,155.70000000000002,0.0,0.14400000000000002
2015,7,13,15,30,540,202,557,17,26,990.0,156.60000000000002,0.0,0.14400000000000002
2015,7,13,16,30,446,179,403,17,25,990.0,152.1,0.0,0.14400000000000002
2015,7,13,17,30,83,125,153,18,24,990.0,148.6,0.0,0.14400000000000002
2015,7,13,18,30,187,52,79,18,21,990.0,147.8,0.0,0.14400000000000002
2015,7,13,19,30,0,0,0,17,19,990.0,152.6,0.0,0.14400000000000002
2015,7,13,20,30,0,0,0,17,18,990.0,158.5,0.0,0.14400000000000002
2015,7,13,21,30,0,0,0,17,17,990.0,167.60000000000002,0.0,0.14400000000000002
2015,7,13,22,30,0,0,0,16,17,990.0,175.20000000000002,0.0,0.14400000000000002
2015,7,13,23,30,0,0,0,16,17,990.0,175.70000000000002,0.0,0.14400000000000002
2015,7,14,0,30,0,0,0,16,17,990.0,167.9,0.0,0.14400000000000002
2015,7,14,1,30,0,0,0,16,17,990.0,158.8,0.0,0.14400000000000002
2015,7,14,2,30,0,0,0,16,17,990.0,156.10000000000002,0.0,0.14400000000000002
2015,7,14,3,30,0,0,0,17,17,990.0,157.20000000000002,0.0,0.14400000000000002
2015,7,14,4,30,0,0,0,18,18,990.0,155.0,0.0,0.14400000000000002
2015,7,14,5,30,0,30,30,19,20,990.0,147.4,0.0,0.14400000000000002
2015,7,14,6,30,272,127,222,20,21,990.0,142.1,0.0,0.14400000000000002
2015,7,14,7,30,209,221,331,20,23,990.0,150.3,0.0,0.14400000000000002
2015,7,14,8,30,83,300,357,19,25,990.0,146.20000000000002,0.0,0.14400000000000002
2015,7,14,9,30,58,354,401,18,26,990.0,145.8,0.0,0.14400000000000002
2015,7,14,10,30,445,358,754,18,27,990.0,150.9,0.0,0.14400000000000002
2015,7,14,11,30,18,314,332,18,27,990.0,157.10000000000002,0.0,0.14400000000000002
2015,7,14,12,30,243,457,684,18,26,990.0,163.9,0.0,0.14400000000000002
2015,7,14,13,30,63,400,456,18,25,990.0,169.3,0.0,0.14400000000000002
2015,7,14,14,30,60,347,395,19,24,990.0,169.60000000000002,0.0,0.14400000000000002
2015,7,14,15,30,26,246,264,20,23,990.0,163.10000000000002,0.0,0.14400000000000002
2015,7,14,16,30,0,82,82,21,23,990.0,156.0,0.0,0.14400000000000002
2015,7,14,17,30,0,88,88,21,22,990.0,148.20000000000002,0.0,0.14400000000000002
2015,7,14,18,30,0,31,31,20,21,990.0,141.20000000000002,0.0,0.14400000000000002
2015,7,14,19,30,0,0,0,20,21,990.0,138.5,0.0,0.14400000000000002
2015,7,14,20,30,0,0,0,20,21,990.0,135.9,0.0,0.14400000000000002
2015,7,14,21,30,0,0,0,20,20,990.0,134.0,0.0,0.14400000000000002
2015,7,14,22,30,0,0,0,20,20,990.0,142.6,0.0,0.14400000000000002
2015,7,14,23,30,0,0,0,19,20,990.0,172.20000000000002,0.1,0.14400000000000002
2015,7,15,0,30,0,0,0,19,20,990.0,204.4,0.2,0.14400000000000002
2015,7,15,1,30,0,0,0,19,20,990.0,221.60000000000002,0.30000000000000004,0.14400000000000002
2015,7,15,2,30,0,0,0,19,20,990.0,240.0,0.4,0.14400000000000002
2015,7,15,3,30,0,0,0,19,20,990.0,261.1,0.5,0.14400000000000002
2015,7,15,4,30,0,0,0,19,20,990.0,281.5,0.30000000000000004,0.14400000000000002
2015,7,15,5,30,8,56,57,21,22,990.0,296.40000000000003,0.1,0.14400000000000002
2015,7,15,6,30,6,117,120,22,25,990.0,325.5,0.1,0.14400000000000002
2015,7,15,7,30,651,114,454,23,28,990.0,327.90000000000003,0.0,0.14400000000000002
2015,7,15,8,30,386,269,530,21,29,990.0,310.6,0.0,0.14400000000000002
2015,7,15,9,30,267,372,586,20,29,990.0,309.90000000000003,0.0,0.14400000000000002
2015,7,15,10,30,336,409,708,19,29,990.0,316.90000000000003,0.0,0.14400000000000002
2015,7,15,11,30,128,464,584,19,28,990.0,324.8,0.0,0.14400000000000002
2015,7,15,12,30,34,382,414,20,27,990.0,328.70000000000005,0.0,0.14400000000000002
2015,7,15,13,30,111,427,524,20,26,990.0,343.1,0.0,0.14400000000000002
2015,7,15,14,30,133,374,479,20,24,990.0,352.90000000000003,0.0,0.14400000000000002
2015,7,15,15,30,128,297,382,19,24,990.0,358.3,0.0,0.14400000000000002
2015,7,15,16,30,255,202,329,18,23,990.0,1.0,0.0,0.14400000000000002
2015,7,15,17,30,385,100,225,17,22,990.0,2.6,0.0,0.14400000000000002
2015,7,15,18,30,224,45,77,16,20,990.0,3.8000000000000003,0.0,0.14400000000000002
2015,7,15,19,30,0,0,0,14,19,990.0,4.2,0.0,0.14400000000000002
2015,7,15,20,30,0,0,0,13,17,990.0,5.1000000000000005,0.0,0.14400000000000002
2015,7,15,21,30,0,0,0,12,16,1000.0,5.300000000000001,0.0,0.14400000000000002
2015,7,15,22,30,0,0,0,11,16,1000.0,3.6,0.0,0.14400000000000002
2015,7,15,23,30,0,0,0,11,15,1000.0,2.9000000000000004,0.0,0.14400000000000002
2015,7,16,0,30,0,0,0,10,14,1000.0,5.9,0.0,0.14400000000000002
2015,7,16,1,30,0,0,0,10,14,1000.0,7.300000000000001,0.0,0.14400000000000002
2015,7,16,2,30,0,0,0,10,13,1000.0,8.200000000000001,0.0,0.14400000000000002
2015,7,16,3,30,0,0,0,10,13,1000.0,2.2,0.0,0.14400000000000002
2015,7,16,4,30,0,0,0,10,13,1000.0,358.1,0.0,0.14400000000000002
2015,7,16,5,30,456,44,120,10,15,1000.0,357.70000000000005,0.0,0.14400000000000002
2015,7,16,6,30,667,70,302,10,17,1000.0,17.8,0.0,0.14400000000000002
2015,7,16,7,30,777,89,493,10,18,1000.0,28.900000000000002,0.0,0.14400000000000002
2015,7,16,8,30,842,101,670,9,20,1000.0,24.3,0.0,0.14400000000000002
2015,7,16,9,30,884,109,816,9,21,1000.0,15.3,0.0,0.14400000000000002
2015,7,16,10,30,893,122,914,9,22,1000.0,10.200000000000001,0.0,0.14400000000000002
2015,7,16,11,30,564,343,868,9,23,1000.0,8.0,0.0,0.14400000000000002
2015,7,16,12,30,912,118,964,9,24,1000.0,6.4,0.0,0.14400000000000002
2015,7,16,13,30,899,114,903,9,25,1000.0,1.5,0.0,0.14400000000000002
2015,7,16,14,30,874,106,792,10,25,1000.0,345.70000000000005,0.0,0.14400000000000002
2015,7,16,15,30,831,96,640,10,24,1000.0,326.5,0.0,0.14400000000000002
2015,7,16,16,30,759,83,460,10,23,1000.0,318.8,0.0,0.14400000000000002
2015,7,16,17,30,636,65,270,11,21,1000.0,320.90000000000003,0.1,0.14400000000000002
2015,7,16,18,30,398,38,94,14,19,1000.0,329.3,0.4,0.14400000000000002
2015,7,16,19,30,0,0,0,13,17,1000.0,332.90000000000003,0.6000000000000001,0.14400000000000002
2015,7,16,20,30,0,0,0,12,17,1000.0,335.40000000000003,0.6000000000000001,0.14400000000000002
2015,7,16,21,30,0,0,0,12,16,1000.0,332.40000000000003,0.6000000000000001,0.14400000000000002
2015,7,16,22,30,0,0,0,12,16,1000.0,330.0,0.5,0.14400000000000002
2015,7,16,23,30,0,0,0,12,15,1000.0,332.3,0.5,0.14400000000000002
2015,7,17,0,30,0,0,0,12,14,1000.0,335.5,0.6000000000000001,0.14400000000000002
2015,7,17,1,30,0,0,0,12,14,1000.0,343.1,0.6000000000000001,0.14400000000000002
2015,7,17,2,30,0,0,0,11,13,1000.0,354.3,0.6000000000000001,0.14400000000000002
2015,7,17,3,30,0,0,0,11,12,1000.0,2.5,0.5,0.14400000000000002
2015,7,17,4,30,0,0,0,11,13,1000.0,9.8,0.2,0.14400000000000002
2015,7,17,5,30,426,43,113,12,15,1000.0,16.900000000000002,0.0,0.14400000000000002
2015,7,17,6,30,651,68,293,12,19,1000.0,31.700000000000003,0.0,0.14400000000000002
2015,7,17,7,30,773,83,484,11,22,1000.0,224.20000000000002,0.0,0.14400000000000002
2015,7,17,8,30,467,236,550,11,23,1000.0,217.8,0.0,0.14400000000000002
2015,7,17,9,30,519,279,694,11,24,1000.0,212.3,0.0,0.14400000000000002
2015,7,17,10,30,561,317,814,11,25,1000.0,200.60000000000002,0.0,0.14400000000000002
2015,7,17,11,30,459,380,808,11,26,1000.0,186.0,0.0,0.14400000000000002
2015,7,17,12,30,484,374,823,11,27,1000.0,183.10000000000002,0.0,0.14400000000000002
2015,7,17,13,30,553,315,800,11,26,1000.0,188.3,0.0,0.14400000000000002
2015,7,17,14,30,287,356,581,12,25,1000.0,195.60000000000002,0.0,0.14400000000000002
2015,7,17,15,30,285,280,467,12,25,1000.0,198.70000000000002,0.0,0.14400000000000002
2015,7,17,16,30,289,194,338,13,24,1000.0,194.60000000000002,0.0,0.14400000000000002
2015,7,17,17,30,91,123,153,14,22,1000.0,185.0,0.0,0.14400000000000002
2015,7,17,18,30,21,47,50,14,20,1000.0,178.0,0.0,0.14400000000000002
2015,7,17,19,30,0,0,0,15,19,1000.0,178.20000000000002,0.0,0.14400000000000002
2015,7,17,20,30,0,0,0,15,18,1000.0,180.20000000000002,0.0,0.14400000000000002
2015,7,17,21,30,0,0,0,15,18,1000.0,181.4,0.0,0.14400000000000002
2015,7,17,22,30,0,0,0,16,17,1000.0,180.8,0.0,0.14400000000000002
2015,7,17,23,30,0,0,0,16,17,1000.0,180.5,0.0,0.14400000000000002
2015,7,18,0,30,0,0,0,16,17,1000.0,182.3,0.0,0.14400000000000002
2015,7,18,1,30,0,0,0,16,17,1000.0,185.5,0.0,0.14400000000000002
2015,7,18,2,30,0,0,0,16,17,1000.0,185.70000000000002,0.0,0.14400000000000002
2015,7,18,3,30,0,0,0,16,17,1000.0,183.10000000000002,0.0,0.14400000000000002
2015,7,18,4,30,0,0,0,17,17,1000.0,185.20000000000002,0.0,0.14400000000000002
2015,7,18,5,30,0,39,39,17,18,1000.0,188.3,0.0,0.14400000000000002
2015,7,18,6,30,0,105,105,17,19,1000.0,185.4,0.0,0.14400000000000002
2015,7,18,7,30,0,98,98,18,21,1000.0,187.60000000000002,0.0,0.14400000000000002
2015,7,18,8,30,34,263,286,19,23,1000.0,196.70000000000002,0.0,0.14400000000000002
2015,7,18,9,30,4,170,173,19,24,1000.0,201.60000000000002,0.0,0.14400000000000002
2015,7,18,10,30,0,103,103,20,25,1000.0,202.20000000000002,0.0,0.14400000000000002
2015,7,18,11,30,0,58,58,20,26,1000.0,200.8,0.0,0.14400000000000002
2015,7,18,12,30,9,200,208,20,26,1000.0,200.4,0.0,0.14400000000000002
2015,7,18,13,30,57,392,443,21,27,990.0,199.9,0.0,0.14400000000000002
2015,7,18,14,30,70,352,407,21,27,990.0,200.10000000000002,0.0,0.14400000000000002
2015,7,18,15,30,594,187,574,22,26,990.0,198.5,0.0,0.14400000000000002
2015,7,18,16,30,462,172,400,22,26,990.0,192.60000000000002,0.0,0.14400000000000002
2015,7,18,17,30,286,131,222,22,25,990.0,185.8,0.0,0.14400000000000002
2015,7,18,18,30,83,54,66,22,23,990.0,179.60000000000002,0.0,0.14400000000000002
2015,7,18,19,30,0,0,0,21,22,990.0,174.9,0.0,0.14400000000000002
2015,7,18,20,30,0,0,0,21,22,990.0,168.3,0.0,0.14400000000000002
2015,7,18,21,30,0,0,0,21,21,990.0,164.8,0.0,0.14400000000000002
2015,7,18,22,30,0,0,0,21,21,990.0,161.5,0.0,0.14400000000000002
2015,7,18,23,30,0,0,0,20,21,990.0,202.0,0.1,0.14400000000000002
2015,7,19,0,30,0,0,0,20,20,990.0,237.0,0.2,0.14400000000000002
2015,7,19,1,30,0,0,0,20,20,990.0,249.3,0.30000000000000004,0.14400000000000002
2015,7,19,2,30,0,0,0,19,20,990.0,273.90000000000003,0.30000000000000004,0.14400000000000002
2015,7,19,3,30,0,0,0,19,20,990.0,283.3,0.4,0.14400000000000002
2015,7,19,4,30,0,0,0,20,20,990.0,292.0,0.30000000000000004,0.14400000000000002
2015,7,19,5,30,196,53,84,21,22,990.0,278.5,0.0,0.14400000000000002
2015,7,19,6,30,132,133,178,22,25,990.0,251.60000000000002,0.0,0.14400000000000002
2015,7,19,7,30,256,210,342,22,28,990.0,293.3,0.0,0.14400000000000002
2015,7,19,8,30,1,161,162,20,30,990.0,269.7,0.0,0.14400000000000002
2015,7,19,9,30,731,165,746,19,31,990.0,240.9,0.0,0.14400000000000002
2015,7,19,10,30,817,137,859,18,32,990.0,223.60000000000002,0.0,0.14400000000000002
2015,7,19,11,30,8,188,196,19,32,990.0,218.60000000000002,0.0,0.14400000000000002
2015,7,19,12,30,7,179,186,19,33,990.0,216.4,0.0,0.14400000000000002
2015,7,19,13,30,13,257,268,19,33,990.0,212.20000000000002,0.0,0.14400000000000002
2015,7,19,14,30,776,132,739,20,33,990.0,211.20000000000002,0.0,0.14400000000000002
2015,7,19,15,30,23,238,254,20,32,990.0,211.9,0.0,0.14400000000000002
2015,7,19,16,30,0,93,93,20,31,990.0,212.0,0.0,0.14400000000000002
2015,7,19,17,30,13,110,114,22,29,990.0,211.0,0.0,0.14400000000000002
2015,7,19,18,30,0,32,32,23,27,990.0,215.9,0.0,0.14400000000000002
2015,7,19,19,30,0,0,0,22,25,990.0,218.9,0.0,0.152
2015,7,19,20,30,0,0,0,22,24,990.0,204.10000000000002,0.0,0.152
2015,7,19,21,30,0,0,0,22,23,990.0,215.3,0.0,0.152
2015,7,19,22,30,0,0,0,22,23,990.0,228.3,0.0,0.152
2015,7,19,23,30,0,0,0,22,22,990.0,240.3,0.0,0.152
2015,7,20,0,30,0,0,0,21,22,990.0,241.60000000000002,0.0,0.152
2015,7,20,1,30,0,0,0,21,22,990.0,221.5,0.0,0.152
2015,7,20,2,30,0,0,0,21,21,990.0,212.60000000000002,0.0,0.152
2015,7,20,3,30,0,0,0,20,21,990.0,234.3,0.0,0.152
2015,7,20,4,30,0,0,0,20,21,990.0,259.7,0.0,0.152
2015,7,20,5,30,241,55,93,21,23,990.0,292.5,0.0,0.152
2015,7,20,6,30,470,98,258,22,25,990.0,308.20000000000005,0.0,0.152
2015,7,20,7,30,618,123,440,22,27,990.0,312.8,0.0,0.152
2015,7,20,8,30,266,294,472,21,29,990.0,292.90000000000003,0.0,0.152
2015,7,20,9,30,182,381,526,20,30,990.0,280.6,0.0,0.152
2015,7,20,10,30,821,138,863,20,31,990.0,276.7,0.0,0.152
2015,7,20,11,30,830,144,913,19,31,990.0,276.1,0.0,0.152
2015,7,20,12,30,835,141,912,19,31,990.0,278.7,0.0,0.152
2015,7,20,13,30,816,143,855,19,31,990.0,284.1,0.0,0.152
2015,7,20,14,30,804,127,754,18,31,990.0,287.40000000000003,0.0,0.152
2015,7,20,15,30,767,112,610,18,31,990.0,285.1,0.0,0.152
2015,7,20,16,30,684,98,434,18,30,990.0,280.90000000000003,0.0,0.152
2015,7,20,17,30,442,89,228,19,27,990.0,285.0,0.0,0.152
2015,7,20,18,30,230,45,76,20,25,990.0,284.5,0.0,0.152
2015,7,20,19,30,0,0,0,19,23,990.0,302.7,0.0,0.152
2015,7,20,20,30,0,0,0,18,22,990.0,327.3,0.0,0.152
2015,7,20,21,30,0,0,0,18,21,990.0,340.90000000000003,0.0,0.152
2015,7,20,22,30,0,0,0,17,21,990.0,342.70000000000005,0.0,0.152
2015,7,20,23,30,0,0,0,17,21,990.0,337.90000000000003,0.1,0.152
2015,7,21,0,30,0,0,0,18,21,990.0,336.90000000000003,0.30000000000000004,0.152
2015,7,21,1,30,0,0,0,18,21,990.0,338.6,0.4,0.152
2015,7,21,2,30,0,0,0,17,21,990.0,341.20000000000005,0.5,0.152
2015,7,21,3,30,0,0,0,17,21,990.0,344.3,0.5,0.152
2015,7,21,4,30,0,0,0,17,21,990.0,349.20000000000005,0.30000000000000004,0.152
2015,7,21,5,30,0,29,29,19,22,990.0,349.0,0.0,0.152
2015,7,21,6,30,11,116,119,18,24,990.0,15.100000000000001,0.0,0.152
2015,7,21,7,30,5,162,165,18,26,990.0,180.10000000000002,0.0,0.152
2015,7,21,8,30,228,299,452,17,29,990.0,197.10000000000002,0.0,0.152
2015,7,21,9,30,228,375,556,17,30,990.0,204.4,0.0,0.152
2015,7,21,10,30,15,274,287,16,31,990.0,211.10000000000002,0.0,0.152
2015,7,21,11,30,344,425,743,16,31,990.0,215.60000000000002,0.0,0.152
2015,7,21,12,30,861,124,918,16,32,980.0,221.5,0.0,0.152
2015,7,21,13,30,839,126,858,15,32,980.0,229.3,0.0,0.152
2015,7,21,14,30,800,125,748,15,31,980.0,238.60000000000002,0.0,0.152
2015,7,21,15,30,742,118,599,15,30,980.0,247.5,0.0,0.152
2015,7,21,16,30,648,106,423,16,29,980.0,257.1,0.0,0.152
2015,7,21,17,30,0,85,85,17,26,980.0,266.0,0.0,0.152
2015,7,21,18,30,0,4,4,19,23,990.0,268.40000000000003,0.0,0.152
2015,7,21,19,30,0,0,0,19,21,990.0,283.40000000000003,0.0,0.152
2015,7,21,20,30,0,0,0,19,21,990.0,298.0,0.0,0.152
2015,7,21,21,30,0,0,0,19,20,990.0,302.0,0.0,0.152
2015,7,21,22,30,0,0,0,18,19,990.0,304.1,0.0,0.152
2015,7,21,23,30,0,0,0,17,18,990.0,306.7,0.0,0.152
2015,7,22,0,30,0,0,0,16,17,990.0,307.90000000000003,0.0,0.152
2015,7,22,1,30,0,0,0,16,16,990.0,309.0,0.0,0.152
2015,7,22,2,30,0,0,0,15,16,990.0,312.20000000000005,0.0,0.152
2015,7,22,3,30,0,0,0,14,15,990.0,316.8,0.0,0.152
2015,7,22,4,30,0,0,0,14,15,990.0,315.0,0.0,0.152
2015,7,22,5,30,427,40,105,14,17,990.0,313.0,0.0,0.152
2015,7,22,6,30,665,63,285,15,20,990.0,328.0,0.0,0.152
2015,7,22,7,30,787,76,477,13,22,990.0,337.20000000000005,0.0,0.152
2015,7,22,8,30,855,87,655,12,24,990.0,325.90000000000003,0.0,0.152
2015,7,22,9,30,894,94,802,11,25,990.0,313.40000000000003,0.0,0.152
2015,7,22,10,30,915,100,904,11,26,990.0,304.8,0.0,0.152
2015,7,22,11,30,923,103,955,11,27,990.0,296.1,0.0,0.152
2015,7,22,12,30,921,104,951,11,27,990.0,291.1,0.0,0.152
2015,7,22,13,30,885,116,887,11,27,990.0,290.8,0.0,0.152
2015,7,22,14,30,859,109,777,11,27,990.0,293.5,0.0,0.152
2015,7,22,15,30,814,99,626,11,26,990.0,297.5,0.0,0.152
2015,7,22,16,30,738,86,446,11,25,990.0,300.3,0.0,0.152
2015,7,22,17,30,601,68,256,12,24,990.0,303.3,0.0,0.152
2015,7,22,18,30,341,38,82,13,21,990.0,305.90000000000003,0.0,0.152
2015,7,22,19,30,0,0,0,13,19,990.0,306.90000000000003,0.0,0.152
2015,7,22,20,30,0,0,0,14,18,990.0,306.1,0.0,0.152
2015,7,22,21,30,0,0,0,14,17,990.0,303.40000000000003,0.0,0.152
2015,7,22,22,30,0,0,0,14,17,990.0,300.5,0.0,0.152
2015,7,22,23,30,0,0,0,14,16,990.0,296.6,0.0,0.152
2015,7,23,0,30,0,0,0,14,16,990.0,295.7,0.0,0.152
2015,7,23,1,30,0,0,0,14,15,990.0,297.0,0.0,0.152
2015,7,23,2,30,0,0,0,14,15,990.0,298.90000000000003,0.0,0.152
2015,7,23,3,30,0,0,0,13,14,990.0,298.7,0.0,0.152
2015,7,23,4,30,0,0,0,13,15,990.0,297.7,0.0,0.152
2015,7,23,5,30,401,42,102,13,17,990.0,295.3,0.0,0.152
2015,7,23,6,30,636,69,280,13,20,1000.0,310.8,0.0,0.152
2015,7,23,7,30,757,86,470,12,22,1000.0,319.6,0.0,0.152
2015,7,23,8,30,827,98,647,12,24,1000.0,312.8,0.0,0.152
2015,7,23,9,30,869,106,792,12,25,1000.0,303.7,0.0,0.152
2015,7,23,10,30,893,110,895,11,26,990.0,299.0,0.0,0.152
2015,7,23,11,30,185,461,632,11,27,990.0,297.6,0.0,0.152
2015,7,23,12,30,892,119,939,11,27,990.0,296.40000000000003,0.0,0.152
2015,7,23,13,30,17,291,306,11,27,990.0,296.90000000000003,0.0,0.152
2015,7,23,14,30,53,335,377,11,26,990.0,297.8,0.0,0.152
2015,7,23,15,30,773,115,614,11,25,990.0,301.1,0.0,0.152
2015,7,23,16,30,134,205,270,11,24,990.0,305.7,0.0,0.152
2015,7,23,17,30,293,106,197,12,23,990.0,311.20000000000005,0.0,0.152
2015,7,23,18,30,294,41,78,14,20,990.0,316.20000000000005,0.0,0.152
2015,7,23,19,30,0,0,0,14,18,990.0,322.90000000000003,0.0,0.152
2015,7,23,20,30,0,0,0,14,17,1000.0,320.3,0.0,0.152
2015,7,23,21,30,0,0,0,14,16,1000.0,317.3,0.0,0.152
2015,7,23,22,30,0,0,0,14,16,1000.0,315.0,0.0,0.152
2015,7,23,23,30,0,0,0,14,16,1000.0,312.90000000000003,0.0,0.152
2015,7,24,0,30,0,0,0,13,15,1000.0,311.8,0.0,0.152
2015,7,24,1,30,0,0,0,13,15,1000.0,310.8,0.0,0.152
2015,7,24,2,30,0,0,0,13,15,1000.0,311.8,0.0,0.152
2015,7,24,3,30,0,0,0,14,14,1000.0,312.90000000000003,0.0,0.152
2015,7,24,4,30,0,0,0,14,15,1000.0,310.90000000000003,0.0,0.152
2015,7,24,5,30,377,41,97,14,17,1000.0,308.0,0.0,0.152
2015,7,24,6,30,623,68,274,14,20,1000.0,316.0,0.0,0.152
2015,7,24,7,30,753,83,463,12,23,1000.0,340.0,0.0,0.152
2015,7,24,8,30,828,92,640,11,24,1000.0,333.5,0.0,0.152
2015,7,24,9,30,874,98,786,11,25,1000.0,327.90000000000003,0.0,0.152
2015,7,24,10,30,899,102,889,10,26,1000.0,322.90000000000003,0.0,0.152
2015,7,24,11,30,907,105,940,10,27,1000.0,319.90000000000003,0.0,0.152
2015,7,24,12,30,161,458,606,11,27,1000.0,317.3,0.0,0.152
2015,7,24,13,30,240,419,627,11,27,990.0,318.5,0.0,0.152
2015,7,24,14,30,12,241,251,11,27,1000.0,321.20000000000005,0.0,0.152
2015,7,24,15,30,30,247,266,11,26,1000.0,323.20000000000005,0.0,0.152
2015,7,24,16,30,327,182,341,12,25,1000.0,327.1,0.0,0.152
2015,7,24,17,30,552,74,244,13,23,1000.0,330.40000000000003,0.0,0.152
2015,7,24,18,30,153,42,62,15,20,1000.0,338.0,0.30000000000000004,0.152
2015,7,24,19,30,0,0,0,15,19,1000.0,342.40000000000003,0.5,0.152
2015,7,24,20,30,0,0,0,15,18,1000.0,342.5,0.4,0.152
2015,7,24,21,30,0,0,0,15,17,1000.0,325.40000000000003,0.30000000000000004,0.152
2015,7,24,22,30,0,0,0,15,17,1000.0,302.40000000000003,0.2,0.152
2015,7,24,23,30,0,0,0,15,16,1000.0,299.90000000000003,0.1,0.152
2015,7,25,0,30,0,0,0,15,16,1000.0,308.5,0.0,0.152
2015,7,25,1,30,0,0,0,15,15,1000.0,328.6,0.0,0.152
2015,7,25,2,30,0,0,0,14,15,1000.0,341.40000000000003,0.0,0.152
2015,7,25,3,30,0,0,0,14,15,1000.0,351.1,0.0,0.152
2015,7,25,4,30,0,0,0,14,15,1000.0,358.40000000000003,0.0,0.152
2015,7,25,5,30,399,39,97,15,17,1000.0,4.0,0.0,0.152
2015,7,25,6,30,638,64,274,15,19,1000.0,29.0,0.0,0.152
2015,7,25,7,30,763,79,464,14,22,1000.0,30.1,0.0,0.152
2015,7,25,8,30,836,89,641,13,24,1000.0,18.900000000000002,0.0,0.152
2015,7,25,9,30,525,272,685,13,26,1000.0,16.8,0.0,0.152
2015,7,25,10,30,878,116,885,12,27,1000.0,25.700000000000003,0.0,0.152
2015,7,25,11,30,883,123,934,12,28,1000.0,28.900000000000002,0.0,0.152
2015,7,25,12,30,479,369,808,12,28,1000.0,29.700000000000003,0.0,0.152
2015,7,25,13,30,291,406,658,12,28,1000.0,14.8,0.0,0.152
2015,7,25,14,30,274,353,565,13,27,1000.0,318.8,0.0,0.152
2015,7,25,15,30,169,290,398,13,26,1000.0,250.70000000000002,0.0,0.152
2015,7,25,16,30,135,203,268,14,25,1000.0,214.0,0.0,0.152
2015,7,25,17,30,383,93,210,14,24,1000.0,189.20000000000002,0.0,0.152
2015,7,25,18,30,0,9,9,16,22,1000.0,161.0,0.0,0.152
2015,7,25,19,30,0,0,0,15,20,1000.0,156.5,0.0,0.152
2015,7,25,20,30,0,0,0,15,19,1000.0,158.9,0.0,0.152
2015,7,25,21,30,0,0,0,15,18,1000.0,158.70000000000002,0.0,0.152
2015,7,25,22,30,0,0,0,16,17,1000.0,155.3,0.0,0.152
2015,7,25,23,30,0,0,0,16,17,1000.0,148.1,0.0,0.152
2015,7,26,0,30,0,0,0,16,17,1000.0,145.70000000000002,0.0,0.152
2015,7,26,1,30,0,0,0,16,17,1000.0,147.0,0.0,0.152
2015,7,26,2,30,0,0,0,16,17,1000.0,151.0,0.0,0.152
2015,7,26,3,30,0,0,0,17,17,1000.0,164.0,0.0,0.152
2015,7,26,4,30,0,0,0,17,17,1000.0,158.3,0.0,0.152
2015,7,26,5,30,0,34,34,17,18,1000.0,145.70000000000002,0.0,0.152
2015,7,26,6,30,0,78,78,18,20,1000.0,153.9,0.0,0.152
2015,7,26,7,30,21,181,192,18,21,1000.0,174.3,0.0,0.152
2015,7,26,8,30,1,164,165,18,23,1000.0,186.20000000000002,0.0,0.152
2015,7,26,9,30,46,331,367,18,24,1000.0,195.9,0.0,0.152
2015,7,26,10,30,52,385,431,18,26,1000.0,203.20000000000002,0.0,0.152
2015,7,26,11,30,254,447,681,18,27,1000.0,208.0,0.0,0.152
2015,7,26,12,30,106,447,545,18,27,1000.0,208.60000000000002,0.0,0.152
2015,7,26,13,30,216,421,608,18,27,1000.0,207.9,0.0,0.152
2015,7,26,14,30,524,263,668,18,26,1000.0,205.10000000000002,0.0,0.152
2015,7,26,15,30,116,314,388,19,26,1000.0,201.60000000000002,0.0,0.152
2015,7,26,16,30,311,183,333,19,25,1000.0,196.9,0.0,0.152
2015,7,26,17,30,0,97,97,19,24,1000.0,190.9,0.0,0.152
2015,7,26,18,30,50,41,47,19,23,1000.0,187.4,0.0,0.152
2015,7,26,19,30,0,0,0,19,22,1000.0,185.70000000000002,0.0,0.152
2015,7,26,20,30,0,0,0,19,21,1000.0,189.8,0.0,0.152
2015,7,26,21,30,0,0,0,19,21,1000.0,194.0,0.0,0.152
2015,7,26,22,30,0,0,0,19,21,1000.0,197.0,0.0,0.152
2015,7,26,23,30,0,0,0,19,20,1000.0,198.9,0.0,0.152
2015,7,27,0,30,0,0,0,19,20,1000.0,199.3,0.0,0.152
2015,7,27,1,30,0,0,0,19,20,1000.0,201.0,0.0,0.152
2015,7,27,2,30,0,0,0,19,20,1000.0,203.0,0.0,0.152
2015,7,27,3,30,0,0,0,19,20,1000.0,207.3,0.0,0.152
2015,7,27,4,30,0,0,0,19,20,1000.0,216.5,0.0,0.152
2015,7,27,5,30,0,20,20,20,20,1000.0,208.9,0.0,0.152
2015,7,27,6,30,194,122,185,20,21,1000.0,186.0,0.0,0.152
2015,7,27,7,30,154,212,289,20,22,1000.0,182.70000000000002,0.0,0.152
2015,7,27,8,30,227,293,442,20,23,1000.0,190.0,0.0,0.152
2015,7,27,9,30,541,265,688,20,25,1000.0,195.3,0.0,0.152
2015,7,27,10,30,203,427,604,20,26,1000.0,192.0,0.0,0.152
2015,7,27,11,30,589,309,849,20,26,1000.0,188.60000000000002,0.0,0.152
2015,7,27,12,30,599,301,848,19,27,1000.0,186.5,0.0,0.152
2015,7,27,13,30,83,406,478,19,27,1000.0,185.70000000000002,0.0,0.152
2015,7,27,14,30,646,210,707,19,27,1000.0,186.5,0.0,0.152
2015,7,27,15,30,344,259,478,19,27,1000.0,187.0,0.0,0.152
2015,7,27,16,30,0,38,38,19,26,1000.0,189.0,0.0,0.152
2015,7,27,17,30,57,112,130,19,25,1000.0,190.60000000000002,0.0,0.152
2015,7,27,18,30,0,27,27,19,23,1000.0,189.60000000000002,0.0,0.152
2015,7,27,19,30,0,0,0,19,22,1000.0,188.5,0.0,0.155
2015,7,27,20,30,0,0,0,20,21,1000.0,187.70000000000002,0.0,0.155
2015,7,27,21,30,0,0,0,20,21,1000.0,188.3,0.0,0.155
2015,7,27,22,30,0,0,0,20,21,1000.0,196.10000000000002,0.0,0.155
2015,7,27,23,30,0,0,0,20,20,1000.0,209.4,0.0,0.155
2015,7,28,0,30,0,0,0,19,20,1000.0,224.10000000000002,0.1,0.155
2015,7,28,1,30,0,0,0,19,19,1000.0,255.0,0.1,0.155
2015,7,28,2,30,0,0,0,18,19,1000.0,260.5,0.1,0.155
2015,7,28,3,30,0,0,0,17,18,1000.0,261.40000000000003,0.1,0.155
2015,7,28,4,30,0,0,0,18,19,1000.0,266.5,0.0,0.155
2015,7,28,5,30,260,45,81,19,20,1000.0,275.3,0.0,0.155
2015,7,28,6,30,18,113,119,19,22,1000.0,284.5,0.0,0.155
2015,7,28,7,30,30,187,202,19,26,1000.0,315.3,0.0,0.155
2015,7,28,8,30,747,121,610,18,29,1000.0,330.0,0.0,0.155
2015,7,28,9,30,791,134,753,17,30,1000.0,324.20000000000005,0.0,0.155
2015,7,28,10,30,838,130,859,17,31,1000.0,312.40000000000003,0.0,0.155
2015,7,28,11,30,843,137,909,17,32,1000.0,305.90000000000003,0.0,0.155
2015,7,28,12,30,832,143,902,17,33,1000.0,307.0,0.0,0.155
2015,7,28,13,30,91,409,488,17,32,1000.0,310.40000000000003,0.0,0.155
2015,7,28,14,30,444,291,632,17,32,1000.0,314.0,0.0,0.155
2015,7,28,15,30,697,137,580,17,31,1000.0,316.20000000000005,0.0,0.155
2015,7,28,16,30,146,200,269,17,30,1000.0,315.40000000000003,0.0,0.155
2015,7,28,17,30,108,114,146,18,28,1000.0,317.90000000000003,0.1,0.155
2015,7,28,18,30,233,37,64,20,26,1000.0,317.1,0.4,0.155
2015,7,28,19,30,0,0,0,19,24,1000.0,326.90000000000003,0.6000000000000001,0.155
2015,7,28,20,30,0,0,0,19,24,1000.0,328.3,0.6000000000000001,0.155
2015,7,28,21,30,0,0,0,18,23,1000.0,315.90000000000003,0.6000000000000001,0.155
2015,7,28,22,30,0,0,0,18,22,1000.0,293.5,0.6000000000000001,0.155
2015,7,28,23,30,0,0,0,18,21,1000.0,288.8,0.5,0.155
2015,7,29,0,30,0,0,0,18,20,1000.0,291.40000000000003,0.4,0.155
2015,7,29,1,30,0,0,0,18,20,1000.0,297.5,0.2,0.155
2015,7,29,2,30,0,0,0,18,20,1000.0,304.90000000000003,0.1,0.155
2015,7,29,3,30,0,0,0,18,19,1000.0,316.40000000000003,0.0,0.155
2015,7,29,4,30,0,0,0,18,20,1000.0,325.8,0.0,0.155
2015,7,29,5,30,44,45,51,18,22,1000.0,328.3,0.0,0.155
2015,7,29,6,30,225,117,189,18,25,1000.0,315.5,0.0,0.155
2015,7,29,7,30,368,180,362,18,29,1000.0,326.40000000000003,0.0,0.155
2015,7,29,8,30,592,182,568,16,32,1000.0,305.1,0.0,0.155
2015,7,29,9,30,504,275,668,16,33,1000.0,267.1,0.0,0.155
2015,7,29,10,30,489,334,759,15,34,1000.0,250.4,0.0,0.155
2015,7,29,11,30,447,372,780,16,34,1000.0,249.9,0.0,0.155
2015,7,29,12,30,484,323,764,16,34,1000.0,252.3,0.0,0.155
2015,7,29,13,30,564,276,761,16,34,1000.0,255.20000000000002,0.0,0.155
2015,7,29,14,30,548,253,673,16,34,1000.0,254.0,0.0,0.155
2015,7,29,15,30,701,134,579,16,33,1000.0,254.0,0.0,0.155
2015,7,29,16,30,613,114,404,17,32,1000.0,250.60000000000002,0.0,0.155
2015,7,29,17,30,468,84,222,18,29,1000.0,245.4,0.0,0.155
2015,7,29,18,30,206,38,61,20,27,1000.0,250.20000000000002,0.1,0.155
2015,7,29,19,30,0,0,0,19,25,1000.0,246.20000000000002,0.1,0.155
2015,7,29,20,30,0,0,0,19,24,1000.0,238.5,0.0,0.155
2015,7,29,21,30,0,0,0,19,23,1000.0,228.0,0.0,0.155
2015,7,29,22,30,0,0,0,19,22,1000.0,229.10000000000002,0.0,0.155
2015,7,29,23,30,0,0,0,19,22,1000.0,226.5,0.0,0.155
2015,7,30,0,30,0,0,0,20,22,1000.0,221.60000000000002,0.0,0.155
2015,7,30,1,30,0,0,0,20,21,1000.0,221.0,0.0,0.155
2015,7,30,2,30,0,0,0,20,21,1000.0,222.20000000000002,0.0,0.155
2015,7,30,3,30,0,0,0,20,21,1000.0,223.70000000000002,0.0,0.155
2015,7,30,4,30,0,0,0,21,21,1000.0,222.9,0.0,0.155
2015,7,30,5,30,100,49,62,21,23,1000.0,214.3,0.0,0.155
2015,7,30,6,30,280,131,220,21,25,1000.0,217.3,0.0,0.155
2015,7,30,7,30,196,222,318,21,27,990.0,224.4,0.0,0.155
2015,7,30,8,30,143,295,388,21,28,990.0,216.8,0.0,0.155
2015,7,30,9,30,194,370,521,21,29,990.0,211.9,0.0,0.155
2015,7,30,10,30,170,427,575,21,30,990.0,210.70000000000002,0.0,0.155
2015,7,30,11,30,360,409,737,21,30,990.0,209.70000000000002,0.0,0.155
2015,7,30,12,30,167,453,605,21,29,990.0,208.5,0.0,0.155
2015,7,30,13,30,73,397,461,22,29,990.0,208.5,0.0,0.155
2015,7,30,14,30,11,232,241,22,28,990.0,208.20000000000002,0.0,0.155
2015,7,30,15,30,7,193,197,23,27,990.0,203.8,0.0,0.155
2015,7,30,16,30,0,134,134,24,25,990.0,196.8,0.0,0.155
2015,7,30,17,30,0,43,43,24,25,990.0,193.20000000000002,0.0,0.155
2015,7,30,18,30,0,30,30,23,24,990.0,195.20000000000002,0.0,0.155
2015,7,30,19,30,0,0,0,23,23,990.0,203.4,0.0,0.155
2015,7,30,20,30,0,0,0,22,23,990.0,224.5,0.0,0.155
2015,7,30,21,30,0,0,0,21,22,990.0,265.1,0.0,0.155
2015,7,30,22,30,0,0,0,20,21,990.0,292.8,0.0,0.155
2015,7,30,23,30,0,0,0,19,19,990.0,298.1,0.0,0.155
2015,7,31,0,30,0,0,0,18,19,990.0,290.8,0.0,0.155
2015,7,31,1,30,0,0,0,18,18,990.0,282.7,0.0,0.155
2015,7,31,2,30,0,0,0,17,18,990.0,282.0,0.0,0.155
2015,7,31,3,30,0,0,0,17,18,990.0,283.0,0.0,0.155
2015,7,31,4,30,0,0,0,17,18,990.0,282.3,0.0,0.155
2015,7,31,5,30,321,40,82,18,19,990.0,283.40000000000003,0.0,0.155
2015,7,31,6,30,584,73,256,19,21,990.0,277.1,0.0,0.155
2015,7,31,7,30,727,90,447,19,24,990.0,274.8,0.0,0.155
2015,7,31,8,30,810,100,625,16,27,990.0,277.0,0.0,0.155
2015,7,31,9,30,858,106,772,15,28,990.0,268.5,0.0,0.155
2015,7,31,10,30,889,107,877,14,29,990.0,265.40000000000003,0.0,0.155
2015,7,31,11,30,907,106,931,14,30,990.0,266.2,0.0,0.155
2015,7,31,12,30,913,103,931,13,30,990.0,269.6,0.0,0.155
2015,7,31,13,30,902,101,873,13,30,990.0,275.0,0.0,0.155
2015,7,31,14,30,878,95,764,12,29,990.0,281.1,0.0,0.155
2015,7,31,15,30,834,87,612,12,29,990.0,288.1,0.0,0.155
2015,7,31,16,30,759,75,431,11,28,990.0,293.8,0.0,0.155
2015,7,31,17,30,624,58,239,12,25,990.0,299.3,0.0,0.155
2015,7,31,18,30,341,30,66,14,22,990.0,303.5,0.1,0.155
2013,7,31,19,30,0,0,0,17,19,1000.0,215.10000000000002,0.2,0.154
2013,7,31,20,30,0,0,0,16,19,1000.0,208.0,0.0,0.154
2013,7,31,21,30,0,0,0,16,18,1000.0,196.3,0.0,0.154
2013,7,31,22,30,0,0,0,16,18,1000.0,194.3,0.0,0.154
2013,7,31,23,30,0,0,0,17,17,1000.0,192.9,0.0,0.154
2013,8,1,0,30,0,0,0,16,17,1000.0,194.8,0.0,0.154
2013,8,1,1,30,0,0,0,16,17,1000.0,206.10000000000002,0.0,0.154
2013,8,1,2,30,0,0,0,16,16,1000.0,212.70000000000002,0.1,0.154
2013,8,1,3,30,0,0,0,15,16,1000.0,204.20000000000002,0.30000000000000004,0.154
2013,8,1,4,30,0,0,0,16,17,1000.0,192.4,0.2,0.154
2013,8,1,5,30,186,41,64,17,19,1000.0,177.60000000000002,0.0,0.154
2013,8,1,6,30,445,97,236,18,21,1000.0,167.20000000000002,0.0,0.154
2013,8,1,7,30,596,129,420,17,23,1000.0,174.4,0.0,0.154
2013,8,1,8,30,161,293,397,17,24,1000.0,170.10000000000002,0.0,0.154
2013,8,1,9,30,386,322,621,17,24,1000.0,170.0,0.0,0.154
2013,8,1,10,30,14,270,283,17,25,1000.0,173.9,0.0,0.154
2013,8,1,11,30,28,355,381,17,24,1000.0,177.3,0.0,0.154
2013,8,1,12,30,13,256,268,17,23,1000.0,183.3,0.0,0.154
2013,8,1,13,30,7,191,197,18,22,1000.0,188.9,0.0,0.154
2013,8,1,14,30,14,246,256,18,20,1000.0,188.0,0.0,0.154
2013,8,1,15,30,23,229,243,18,20,1000.0,181.10000000000002,0.0,0.154
2013,8,1,16,30,0,135,135,18,19,1000.0,171.4,0.0,0.154
2013,8,1,17,30,0,84,84,18,19,1000.0,167.70000000000002,0.0,0.154
2013,8,1,18,30,0,19,19,17,18,1000.0,161.60000000000002,0.0,0.154
2013,8,1,19,30,0,0,0,17,18,1000.0,150.8,0.0,0.154
2013,8,1,20,30,0,0,0,17,18,990.0,141.1,0.0,0.154
2013,8,1,21,30,0,0,0,17,18,990.0,138.4,0.0,0.154
2013,8,1,22,30,0,0,0,17,18,990.0,144.0,0.0,0.154
2013,8,1,23,30,0,0,0,17,18,990.0,154.4,0.0,0.154
2013,8,2,0,30,0,0,0,17,18,990.0,182.10000000000002,0.0,0.154
2013,8,2,1,30,0,0,0,17,17,990.0,191.4,0.0,0.154
2013,8,2,2,30,0,0,0,17,17,990.0,222.60000000000002,0.0,0.154
2013,8,2,3,30,0,0,0,16,17,990.0,278.5,0.0,0.154
2013,8,2,4,30,0,0,0,16,17,990.0,291.1,0.0,0.154
2013,8,2,5,30,240,43,72,17,17,990.0,290.6,0.0,0.154
2013,8,2,6,30,90,118,146,18,19,990.0,286.0,0.0,0.154
2013,8,2,7,30,697,99,437,19,20,990.0,297.90000000000003,0.0,0.154
2013,8,2,8,30,782,112,614,19,22,990.0,301.0,0.0,0.154
2013,8,2,9,30,835,118,763,17,24,990.0,295.2,0.0,0.154
2013,8,2,10,30,877,115,870,16,25,990.0,283.6,0.0,0.154
2013,8,2,11,30,883,120,920,16,26,990.0,273.8,0.0,0.154
2013,8,2,12,30,878,122,914,16,26,990.0,269.2,0.0,0.154
2013,8,2,13,30,321,389,663,16,26,990.0,265.40000000000003,0.0,0.154
2013,8,2,14,30,72,339,394,15,26,990.0,263.0,0.0,0.154
2013,8,2,15,30,124,279,357,16,25,990.0,261.5,0.0,0.154
2013,8,2,16,30,645,103,401,16,24,990.0,259.5,0.0,0.154
2013,8,2,17,30,471,80,213,17,22,990.0,256.90000000000003,0.0,0.154
2013,8,2,18,30,188,33,52,18,20,990.0,250.5,0.0,0.154
2013,8,2,19,30,0,0,0,17,19,990.0,247.3,0.0,0.154
2013,8,2,20,30,0,0,0,17,18,1000.0,244.70000000000002,0.0,0.154
2013,8,2,21,30,0,0,0,17,18,1000.0,247.5,0.0,0.154
2013,8,2,22,30,0,0,0,17,17,990.0,251.5,0.0,0.154
2013,8,2,23,30,0,0,0,16,17,990.0,249.60000000000002,0.0,0.154
2013,8,3,0,30,0,0,0,16,17,990.0,249.8,0.0,0.154
2013,8,3,1,30,0,0,0,16,17,990.0,249.60000000000002,0.0,0.154
2013,8,3,2,30,0,0,0,16,17,990.0,250.5,0.0,0.154
2013,8,3,3,30,0,0,0,16,17,990.0,238.3,0.0,0.154
2013,8,3,4,30,0,0,0,16,17,990.0,235.20000000000002,0.0,0.154
2013,8,3,5,30,0,10,10,16,17,990.0,243.3,0.0,0.154
2013,8,3,6,30,67,116,136,16,18,990.0,242.10000000000002,0.0,0.154
2013,8,3,7,30,13,166,172,17,20,990.0,235.4,0.0,0.154
2013,8,3,8,30,0,160,160,16,22,990.0,250.0,0.0,0.154
2013,8,3,9,30,55,334,376,16,23,990.0,257.5,0.0,0.154
2013,8,3,10,30,271,408,641,15,23,990.0,254.20000000000002,0.0,0.154
2013,8,3,11,30,216,447,642,15,23,990.0,251.20000000000002,0.0,0.154
2013,8,3,12,30,299,426,696,15,23,990.0,252.0,0.0,0.154
2013,8,3,13,30,469,327,726,15,24,990.0,249.8,0.0,0.154
2013,8,3,14,30,831,121,747,15,25,990.0,250.60000000000002,0.0,0.154
2013,8,3,15,30,105,276,341,15,24,990.0,257.0,0.0,0.154
2013,8,3,16,30,587,111,381,15,23,990.0,261.1,0.0,0.154
2013,8,3,17,30,37,101,112,16,21,990.0,258.5,0.0,0.154
2013,8,3,18,30,0,27,27,17,19,990.0,257.5,0.0,0.154
2013,8,3,19,30,0,0,0,16,18,990.0,266.7,0.0,0.154
2013,8,3,20,30,0,0,0,16,18,990.0,279.40000000000003,0.0,0.154
2013,8,3,21,30,0,0,0,16,17,990.0,290.40000000000003,0.0,0.154
2013,8,3,22,30,0,0,0,15,15,990.0,298.5,0.0,0.154
2013,8,3,23,30,0,0,0,14,15,990.0,303.40000000000003,0.0,0.154
2013,8,4,0,30,0,0,0,14,14,990.0,305.7,0.0,0.154
2013,8,4,1,30,0,0,0,13,14,990.0,304.7,0.0,0.154
2013,8,4,2,30,0,0,0,13,14,990.0,306.3,0.0,0.154
2013,8,4,3,30,0,0,0,13,14,990.0,304.7,0.0,0.154
2013,8,4,4,30,0,0,0,13,14,990.0,304.1,0.0,0.154
2013,8,4,5,30,293,38,72,13,15,990.0,302.5,0.0,0.154
2013,8,4,6,30,571,72,245,13,17,990.0,298.7,0.0,0.154
2013,8,4,7,30,639,104,411,13,20,990.0,309.90000000000003,0.0,0.154
2013,8,4,8,30,804,102,616,13,22,990.0,307.6,0.0,0.154
2013,8,4,9,30,141,360,469,12,23,990.0,300.90000000000003,0.0,0.154
2013,8,4,10,30,894,106,872,12,24,990.0,296.3,0.0,0.154
2013,8,4,11,30,903,109,923,13,24,990.0,292.2,0.0,0.154
2013,8,4,12,30,125,443,556,13,24,990.0,292.3,0.0,0.154
2013,8,4,13,30,859,123,850,13,24,990.0,295.7,0.0,0.154
2013,8,4,14,30,13,239,249,13,23,990.0,300.8,0.0,0.154
2013,8,4,15,30,672,141,557,13,22,990.0,306.2,0.0,0.154
2013,8,4,16,30,717,83,410,13,21,990.0,309.1,0.0,0.154
2013,8,4,17,30,0,8,8,13,20,990.0,308.8,0.0,0.154
2013,8,4,18,30,311,27,55,13,18,1000.0,307.3,0.0,0.154
2013,8,4,19,30,0,0,0,13,17,1000.0,308.20000000000005,0.0,0.151
2013,8,4,20,30,0,0,0,13,15,1000.0,307.5,0.0,0.151
2013,8,4,21,30,0,0,0,13,14,1000.0,302.90000000000003,0.0,0.151
2013,8,4,22,30,0,0,0,13,14,1000.0,299.6,0.0,0.151
2013,8,4,23,30,0,0,0,12,13,1000.0,301.2,0.0,0.151
2013,8,5,0,30,0,0,0,11,13,1000.0,305.0,0.0,0.151
2013,8,5,1,30,0,0,0,11,12,1000.0,308.1,0.0,0.151
2013,8,5,2,30,0,0,0,11,12,1000.0,307.40000000000003,0.0,0.151
2013,8,5,3,30,0,0,0,11,11,1000.0,307.6,0.0,0.151
2013,8,5,4,30,0,0,0,11,11,1000.0,305.3,0.0,0.151
2013,8,5,5,30,407,31,77,11,13,1000.0,303.8,0.0,0.151
2013,8,5,6,30,686,55,261,10,16,1000.0,317.90000000000003,0.0,0.151
2013,8,5,7,30,818,68,459,9,17,1000.0,321.70000000000005,0.0,0.151
2013,8,5,8,30,891,77,645,8,18,1000.0,315.1,0.0,0.151
2013,8,5,9,30,934,83,798,7,20,1000.0,311.40000000000003,0.0,0.151
2013,8,5,10,30,955,88,905,6,21,1000.0,312.6,0.0,0.151
2013,8,5,11,30,965,90,958,6,21,1000.0,314.6,0.0,0.151
2013,8,5,12,30,962,90,951,6,22,1000.0,316.1,0.0,0.151
2013,8,5,13,30,942,90,886,6,23,1000.0,315.1,0.0,0.151
2013,8,5,14,30,913,85,769,7,22,1000.0,316.8,0.0,0.151
2013,8,5,15,30,864,79,611,7,22,1000.0,318.40000000000003,0.0,0.151
2013,8,5,16,30,779,70,423,8,21,1000.0,317.1,0.0,0.151
2013,8,5,17,30,627,55,227,11,18,1000.0,312.5,0.1,0.151
2013,8,5,18,30,318,26,53,13,16,1000.0,307.5,0.4,0.151
2013,8,5,19,30,0,0,0,12,15,1000.0,313.0,0.6000000000000001,0.151
2013,8,5,20,30,0,0,0,11,15,1000.0,325.90000000000003,0.7000000000000001,0.151
2013,8,5,21,30,0,0,0,11,14,1000.0,338.1,0.8,0.151
2013,8,5,22,30,0,0,0,11,13,1000.0,350.20000000000005,0.8,0.151
2013,8,5,23,30,0,0,0,11,13,1000.0,4.3,0.7000000000000001,0.151
2013,8,6,0,30,0,0,0,10,12,1000.0,17.900000000000002,0.6000000000000001,0.151
2013,8,6,1,30,0,0,0,10,12,1000.0,31.0,0.6000000000000001,0.151
2013,8,6,2,30,0,0,0,10,11,1000.0,43.6,0.6000000000000001,0.151
2013,8,6,3,30,0,0,0,9,11,1000.0,54.6,0.7000000000000001,0.151
2013,8,6,4,30,0,0,0,9,11,1000.0,62.800000000000004,0.4,0.151
2013,8,6,5,30,380,30,73,10,13,1000.0,66.2,0.1,0.151
2013,8,6,6,30,648,57,250,10,17,1000.0,83.80000000000001,0.0,0.151
2013,8,6,7,30,776,74,443,10,20,1000.0,120.2,0.0,0.151
2013,8,6,8,30,844,87,622,9,22,1000.0,143.4,0.0,0.151
2013,8,6,9,30,879,98,769,10,23,1000.0,158.4,0.0,0.151
2013,8,6,10,30,889,112,870,10,24,1000.0,162.4,0.0,0.151
2013,8,6,11,30,886,123,918,10,25,1000.0,168.0,0.0,0.151
2013,8,6,12,30,408,374,739,10,25,1000.0,171.20000000000002,0.0,0.151
2013,8,6,13,30,253,393,607,11,25,1000.0,173.60000000000002,0.0,0.151
2013,8,6,14,30,793,136,728,11,25,1000.0,175.60000000000002,0.0,0.151
2013,8,6,15,30,726,127,572,11,24,1000.0,177.60000000000002,0.0,0.151
2013,8,6,16,30,614,113,389,12,23,1000.0,180.10000000000002,0.0,0.151
2013,8,6,17,30,443,82,202,14,20,1000.0,178.8,0.0,0.151
2013,8,6,18,30,152,30,43,15,18,1000.0,176.5,0.0,0.151
2013,8,6,19,30,0,0,0,14,17,1000.0,177.3,0.0,0.151
2013,8,6,20,30,0,0,0,13,16,1000.0,181.10000000000002,0.0,0.151
2013,8,6,21,30,0,0,0,13,15,1000.0,184.10000000000002,0.0,0.151
2013,8,6,22,30,0,0,0,14,14,1000.0,187.9,0.0,0.151
2013,8,6,23,30,0,0,0,13,14,1000.0,194.20000000000002,0.0,0.151
2013,8,7,0,30,0,0,0,13,14,1000.0,195.3,0.2,0.151
2013,8,7,1,30,0,0,0,13,14,1000.0,194.10000000000002,0.5,0.151
2013,8,7,2,30,0,0,0,13,14,1000.0,183.5,0.6000000000000001,0.151
2013,8,7,3,30,0,0,0,13,13,1000.0,172.0,0.4,0.151
2013,8,7,4,30,0,0,0,13,14,1000.0,166.4,0.1,0.151
2013,8,7,5,30,134,36,51,15,16,1000.0,165.4,0.0,0.151
2013,8,7,6,30,267,103,182,15,18,1000.0,150.8,0.0,0.151
2013,8,7,7,30,303,182,325,14,21,1000.0,159.0,0.0,0.151
2013,8,7,8,30,540,192,533,12,22,1000.0,157.4,0.0,0.151
2013,8,7,9,30,809,131,747,11,23,1000.0,154.0,0.0,0.151
2013,8,7,10,30,863,123,857,11,24,1000.0,157.10000000000002,0.0,0.151
2013,8,7,11,30,876,124,908,11,25,1000.0,163.10000000000002,0.0,0.151
2013,8,7,12,30,879,120,904,11,25,1000.0,169.70000000000002,0.0,0.151
2013,8,7,13,30,72,386,446,12,25,1000.0,173.5,0.0,0.151
2013,8,7,14,30,433,285,608,12,24,1000.0,172.9,0.0,0.151
2013,8,7,15,30,376,236,466,13,23,1000.0,170.4,0.0,0.151
2013,8,7,16,30,63,178,207,13,22,1000.0,168.4,0.0,0.151
2013,8,7,17,30,49,97,111,14,21,1000.0,165.5,0.0,0.151
2013,8,7,18,30,0,22,22,14,19,1000.0,161.0,0.0,0.151
2013,8,7,19,30,0,0,0,14,18,1000.0,157.60000000000002,0.0,0.151
2013,8,7,20,30,0,0,0,15,18,1000.0,157.60000000000002,0.0,0.151
2013,8,7,21,30,0,0,0,15,18,1000.0,160.10000000000002,0.0,0.151
2013,8,7,22,30,0,0,0,16,18,1000.0,162.60000000000002,0.0,0.151
2013,8,7,23,30,0,0,0,16,18,1000.0,165.10000000000002,0.0,0.151
2013,8,8,0,30,0,0,0,17,18,1000.0,167.20000000000002,0.0,0.151
2013,8,8,1,30,0,0,0,17,18,1000.0,173.0,0.0,0.151
2013,8,8,2,30,0,0,0,18,18,1000.0,177.60000000000002,0.0,0.151
2013,8,8,3,30,0,0,0,18,19,1000.0,180.60000000000002,0.0,0.151
2013,8,8,4,30,0,0,0,18,19,1000.0,181.10000000000002,0.0,0.151
2013,8,8,5,30,0,19,19,19,19,1000.0,182.9,0.0,0.151
2013,8,8,6,30,0,40,40,20,20,1000.0,182.70000000000002,0.0,0.151
2013,8,8,7,30,150,198,268,20,22,1000.0,180.60000000000002,0.0,0.151
2013,8,8,8,30,58,265,302,21,24,1000.0,188.9,0.0,0.151
2013,8,8,9,30,4,181,185,20,25,1000.0,194.8,0.0,0.151
2013,8,8,10,30,11,220,229,20,26,1000.0,194.70000000000002,0.0,0.151
2013,8,8,11,30,11,243,254,20,27,1000.0,193.20000000000002,0.0,0.151
2013,8,8,12,30,44,383,422,20,27,1000.0,189.3,0.0,0.151
2013,8,8,13,30,217,405,587,20,27,1000.0,186.3,0.0,0.151
2013,8,8,14,30,89,339,406,21,26,1000.0,185.10000000000002,0.0,0.151
2013,8,8,15,30,215,267,398,21,25,1000.0,182.5,0.0,0.151
2013,8,8,16,30,169,183,258,21,24,1000.0,178.9,0.0,0.151
2013,8,8,17,30,152,113,153,21,23,1000.0,176.60000000000002,0.0,0.151
2013,8,8,18,30,0,24,24,21,22,1000.0,174.20000000000002,0.0,0.151
2013,8,8,19,30,0,0,0,21,22,1000.0,170.9,0.0,0.151
2013,8,8,20,30,0,0,0,21,22,1000.0,171.8,0.0,0.151
2013,8,8,21,30,0,0,0,21,21,1000.0,174.4,0.0,0.151
2013,8,8,22,30,0,0,0,21,21,1000.0,185.3,0.0,0.151
2013,8,8,23,30,0,0,0,21,21,1000.0,175.9,0.0,0.151
2013,8,9,0,30,0,0,0,20,21,1000.0,169.4,0.0,0.151
2013,8,9,1,30,0,0,0,20,21,1000.0,170.3,0.0,0.151
2013,8,9,2,30,0,0,0,20,21,1000.0,176.70000000000002,0.0,0.151
2013,8,9,3,30,0,0,0,21,21,1000.0,173.60000000000002,0.0,0.151
2013,8,9,4,30,0,0,0,21,21,1000.0,168.4,0.0,0.151
2013,8,9,5,30,0,4,4,21,21,1000.0,173.70000000000002,0.0,0.151
2013,8,9,6,30,10,99,102,21,21,1000.0,177.9,0.0,0.151
2013,8,9,7,30,0,100,100,21,22,1000.0,169.70000000000002,0.0,0.151
2013,8,9,8,30,0,79,79,21,22,1000.0,163.4,0.0,0.151
2013,8,9,9,30,0,129,129,22,23,990.0,174.20000000000002,0.0,0.151
2013,8,9,10,30,1,146,147,23,24,990.0,187.9,0.0,0.151
2013,8,9,11,30,5,171,176,23,24,990.0,194.60000000000002,0.0,0.151
2013,8,9,12,30,5,168,173,23,24,990.0,192.0,0.0,0.151
2013,8,9,13,30,0,85,85,23,24,990.0,190.70000000000002,0.0,0.151
2013,8,9,14,30,5,189,193,24,24,990.0,189.20000000000002,0.0,0.151
2013,8,9,15,30,25,224,240,24,24,990.0,182.10000000000002,0.0,0.151
2013,8,9,16,30,59,175,201,23,24,990.0,182.9,0.0,0.151
2013,8,9,17,30,302,85,163,23,23,990.0,194.20000000000002,0.0,0.151
2013,8,9,18,30,28,24,26,22,23,990.0,232.4,0.0,0.151
2013,8,9,19,30,0,0,0,22,22,990.0,257.2,0.0,0.151
2013,8,9,20,30,0,0,0,21,22,990.0,266.0,0.0,0.151
2013,8,9,21,30,0,0,0,21,21,990.0,267.5,0.0,0.151
2013,8,9,22,30,0,0,0,20,21,990.0,267.40000000000003,0.0,0.151
2013,8,9,23,30,0,0,0,20,20,990.0,272.40000000000003,0.0,0.151
2013,8,10,0,30,0,0,0,19,20,990.0,280.5,0.0,0.151
2013,8,10,1,30,0,0,0,18,19,990.0,290.1,0.0,0.151
2013,8,10,2,30,0,0,0,17,18,990.0,295.1,0.0,0.151
2013,8,10,3,30,0,0,0,17,17,1000.0,296.7,0.0,0.151
2013,8,10,4,30,0,0,0,16,17,1000.0,293.90000000000003,0.0,0.151
2013,8,10,5,30,305,31,61,16,17,1000.0,292.2,0.0,0.151
2013,8,10,6,30,584,59,227,17,18,1000.0,290.2,0.0,0.151
2013,8,10,7,30,24,171,182,18,20,1000.0,300.3,0.0,0.151
2013,8,10,8,30,825,91,607,17,22,1000.0,308.20000000000005,0.0,0.151
2013,8,10,9,30,870,101,758,16,24,1000.0,303.0,0.0,0.151
2013,8,10,10,30,324,385,659,16,25,1000.0,291.90000000000003,0.0,0.151
2013,8,10,11,30,919,101,918,16,25,1000.0,286.0,0.0,0.151
2013,8,10,12,30,916,100,911,16,26,1000.0,283.8,0.0,0.151
2013,8,10,13,30,880,111,843,15,25,1000.0,285.3,0.0,0.151
2013,8,10,14,30,848,105,729,15,25,1000.0,291.0,0.0,0.151
2013,8,10,15,30,797,96,575,15,24,1000.0,294.90000000000003,0.0,0.151
2013,8,10,16,30,713,81,393,15,23,1000.0,299.5,0.0,0.151
2013,8,10,17,30,566,59,203,15,21,1000.0,302.1,0.0,0.151
2013,8,10,18,30,243,22,39,15,19,1000.0,302.8,0.0,0.151
2013,8,10,19,30,0,0,0,15,17,1000.0,304.6,0.0,0.151
2013,8,10,20,30,0,0,0,15,16,1000.0,308.1,0.0,0.151
2013,8,10,21,30,0,0,0,14,15,1000.0,310.8,0.0,0.151
2013,8,10,22,30,0,0,0,13,14,1000.0,310.5,0.0,0.151
2013,8,10,23,30,0,0,0,12,13,1000.0,312.1,0.0,0.151
2013,8,11,0,30,0,0,0,11,13,1000.0,313.90000000000003,0.0,0.151
2013,8,11,1,30,0,0,0,11,12,1000.0,316.70000000000005,0.0,0.151
2013,8,11,2,30,0,0,0,11,11,1000.0,323.0,0.0,0.151
2013,8,11,3,30,0,0,0,9,11,1000.0,327.8,0.0,0.151
2013,8,11,4,30,0,0,0,11,11,1000.0,326.8,0.0,0.151
2013,8,11,5,30,325,29,61,11,13,1000.0,323.40000000000003,0.0,0.151
2013,8,11,6,30,627,59,237,11,16,1000.0,315.3,0.0,0.151
2013,8,11,7,30,770,76,433,11,19,1000.0,335.5,0.0,0.151
2013,8,11,8,30,845,88,615,10,21,1000.0,326.6,0.0,0.151
2013,8,11,9,30,889,97,765,10,22,1000.0,309.0,0.0,0.151
2013,8,11,10,30,932,90,876,11,23,1000.0,299.0,0.0,0.151
2013,8,11,11,30,938,95,926,11,23,1000.0,293.1,0.0,0.151
2013,8,11,12,30,931,96,918,11,24,1000.0,288.8,0.0,0.151
2013,8,11,13,30,898,103,849,12,24,1000.0,286.5,0.0,0.151
2013,8,11,14,30,862,100,731,12,24,1000.0,283.8,0.0,0.151
2013,8,11,15,30,799,94,572,13,23,1000.0,279.0,0.0,0.151
2013,8,11,16,30,701,82,386,13,22,1000.0,275.40000000000003,0.0,0.151
2013,8,11,17,30,531,61,195,16,20,1000.0,272.40000000000003,0.2,0.151
2013,8,11,18,30,183,22,34,16,18,1000.0,261.5,0.6000000000000001,0.151
2013,8,11,19,30,0,0,0,15,17,1000.0,257.5,0.6000000000000001,0.151
2013,8,11,20,30,0,0,0,15,16,1000.0,254.9,0.5,0.151
2013,8,11,21,30,0,0,0,15,16,1000.0,260.0,0.30000000000000004,0.151
2013,8,11,22,30,0,0,0,15,15,1000.0,271.6,0.2,0.151
2013,8,11,23,30,0,0,0,14,15,1000.0,277.90000000000003,0.2,0.151
2013,8,12,0,30,0,0,0,14,14,1000.0,290.5,0.2,0.151
2013,8,12,1,30,0,0,0,14,14,1000.0,301.8,0.2,0.151
2013,8,12,2,30,0,0,0,13,14,1000.0,303.3,0.2,0.151
2013,8,12,3,30,0,0,0,13,13,1000.0,304.3,0.30000000000000004,0.151
2013,8,12,4,30,0,0,0,13,14,1000.0,307.6,0.2,0.151
2013,8,12,5,30,214,32,52,14,16,1000.0,306.1,0.0,0.151
2013,8,12,6,30,510,74,218,14,18,1000.0,327.90000000000003,0.0,0.151
2013,8,12,7,30,660,100,405,14,21,1000.0,315.0,0.0,0.151
2013,8,12,8,30,744,119,581,13,22,1000.0,313.0,0.0,0.151
2013,8,12,9,30,785,136,726,13,23,1000.0,301.40000000000003,0.0,0.151
2013,8,12,10,30,862,116,840,13,24,1000.0,287.90000000000003,0.0,0.151
2013,8,12,11,30,862,126,888,13,25,1000.0,279.6,0.0,0.151
2013,8,12,12,30,852,131,881,13,25,1000.0,270.40000000000003,0.0,0.151
2013,8,12,13,30,789,156,808,14,25,1000.0,257.1,0.0,0.151
2013,8,12,14,30,734,156,692,14,25,1000.0,249.60000000000002,0.0,0.151
2013,8,12,15,30,0,105,105,14,25,1000.0,243.9,0.0,0.151
2013,8,12,16,30,0,71,71,15,24,1000.0,235.0,0.0,0.151
2013,8,12,17,30,429,73,180,17,22,1000.0,233.70000000000002,0.2,0.151
2013,8,12,18,30,117,21,28,17,20,1000.0,221.3,0.5,0.151
2013,8,12,19,30,0,0,0,16,18,1000.0,212.60000000000002,0.5,0.146
2013,8,12,20,30,0,0,0,16,17,1000.0,207.10000000000002,0.4,0.146
2013,8,12,21,30,0,0,0,15,17,1000.0,208.20000000000002,0.30000000000000004,0.146
2013,8,12,22,30,0,0,0,15,17,1000.0,211.4,0.2,0.146
2013,8,12,23,30,0,0,0,15,17,1000.0,213.10000000000002,0.1,0.146
2013,8,13,0,30,0,0,0,16,17,1000.0,216.20000000000002,0.0,0.146
2013,8,13,1,30,0,0,0,16,17,1000.0,222.8,0.0,0.146
2013,8,13,2,30,0,0,0,16,17,990.0,221.8,0.0,0.146
2013,8,13,3,30,0,0,0,16,17,990.0,216.3,0.0,0.146
2013,8,13,4,30,0,0,0,16,17,990.0,207.9,0.0,0.146
2013,8,13,5,30,0,22,22,17,18,990.0,198.9,0.0,0.146
2013,8,13,6,30,0,27,27,18,19,990.0,184.9,0.0,0.146
2013,8,13,7,30,0,98,98,19,20,990.0,167.20000000000002,0.0,0.146
2013,8,13,8,30,0,130,130,19,20,990.0,158.3,0.0,0.146
2013,8,13,9,30,7,198,203,20,21,990.0,154.4,0.0,0.146
2013,8,13,10,30,17,280,294,20,21,990.0,160.8,0.0,0.146
2013,8,13,11,30,12,251,262,20,21,990.0,171.10000000000002,0.0,0.146
2013,8,13,12,30,45,379,419,19,21,990.0,170.60000000000002,0.0,0.146
2013,8,13,13,30,16,275,289,19,21,990.0,158.0,0.0,0.146
2013,8,13,14,30,87,331,395,19,21,990.0,149.70000000000002,0.0,0.146
2013,8,13,15,30,221,258,389,18,21,990.0,151.0,0.0,0.146
2013,8,13,16,30,593,105,358,18,21,990.0,162.3,0.0,0.146
2013,8,13,17,30,398,76,173,19,20,990.0,190.9,0.1,0.146
2013,8,13,18,30,72,20,24,17,18,990.0,212.10000000000002,0.1,0.146
2013,8,13,19,30,0,0,0,17,18,990.0,228.0,0.0,0.146
2013,8,13,20,30,0,0,0,17,18,990.0,244.70000000000002,0.0,0.146
2013,8,13,21,30,0,0,0,17,18,990.0,264.5,0.0,0.146
2013,8,13,22,30,0,0,0,17,18,990.0,275.5,0.0,0.146
2013,8,13,23,30,0,0,0,16,17,990.0,289.90000000000003,0.0,0.146
2013,8,14,0,30,0,0,0,16,16,990.0,297.40000000000003,0.0,0.146
2013,8,14,1,30,0,0,0,15,15,990.0,303.3,0.0,0.146
2013,8,14,2,30,0,0,0,14,14,990.0,303.40000000000003,0.0,0.146
2013,8,14,3,30,0,0,0,13,13,990.0,301.6,0.0,0.146
2013,8,14,4,30,0,0,0,12,13,990.0,300.3,0.0,0.146
2013,8,14,5,30,234,31,52,11,13,990.0,298.0,0.0,0.146
2013,8,14,6,30,576,69,228,11,15,990.0,295.40000000000003,0.0,0.146
2013,8,14,7,30,745,87,427,11,16,990.0,297.0,0.0,0.146
2013,8,14,8,30,198,275,397,10,18,990.0,293.1,0.0,0.146
2013,8,14,9,30,506,259,636,10,19,990.0,290.0,0.0,0.146
2013,8,14,10,30,93,396,474,10,20,990.0,291.5,0.0,0.146
2013,8,14,11,30,76,413,481,10,21,990.0,294.2,0.0,0.146
2013,8,14,12,30,355,389,700,10,21,990.0,297.40000000000003,0.0,0.146
2013,8,14,13,30,884,116,842,11,21,990.0,299.90000000000003,0.0,0.146
2013,8,14,14,30,12,229,238,10,21,990.0,303.6,0.0,0.146
2013,8,14,15,30,804,96,568,10,20,990.0,307.40000000000003,0.0,0.146
2013,8,14,16,30,729,76,384,10,19,990.0,310.1,0.0,0.146
2013,8,14,17,30,574,53,191,11,18,990.0,309.90000000000003,0.0,0.146
2013,8,14,18,30,207,17,28,11,16,1000.0,303.90000000000003,0.0,0.146
2013,8,14,19,30,0,0,0,12,15,1000.0,301.3,0.0,0.146
2013,8,14,20,30,0,0,0,12,15,1000.0,299.8,0.0,0.146
2013,8,14,21,30,0,0,0,12,14,1000.0,300.3,0.0,0.146
2013,8,14,22,30,0,0,0,12,13,1000.0,301.6,0.0,0.146
2013,8,14,23,30,0,0,0,11,12,1000.0,301.2,0.0,0.146
2013,8,15,0,30,0,0,0,11,12,1000.0,294.0,0.0,0.146
2013,8,15,1,30,0,0,0,11,11,1000.0,288.8,0.0,0.146
2013,8,15,2,30,0,0,0,9,11,1000.0,289.5,0.0,0.146
2013,8,15,3,30,0,0,0,9,10,1000.0,291.90000000000003,0.0,0.146
2013,8,15,4,30,0,0,0,9,10,1000.0,291.90000000000003,0.0,0.146
2013,8,15,5,30,340,25,54,11,12,1000.0,291.6,0.0,0.146
2013,8,15,6,30,656,53,233,11,15,1000.0,283.5,0.0,0.146
2013,8,15,7,30,797,69,430,10,18,1000.0,293.8,0.0,0.146
2013,8,15,8,30,869,80,613,8,20,1000.0,297.1,0.0,0.146
2013,8,15,9,30,907,89,763,8,21,1000.0,291.6,0.0,0.146
2013,8,15,10,30,387,354,677,9,22,1000.0,285.3,0.0,0.146
2013,8,15,11,30,931,101,918,9,22,1000.0,282.3,0.0,0.146
2013,8,15,12,30,362,379,695,9,23,1000.0,279.8,0.0,0.146
2013,8,15,13,30,902,105,843,10,23,1000.0,276.90000000000003,0.0,0.146
2013,8,15,14,30,863,103,724,10,23,1000.0,274.40000000000003,0.0,0.146
2013,8,15,15,30,800,96,564,10,22,1000.0,273.6,0.0,0.146
2013,8,15,16,30,698,84,376,11,21,1000.0,277.40000000000003,0.0,0.146
2013,8,15,17,30,101,87,111,13,19,1000.0,284.1,0.1,0.146
2013,8,15,18,30,129,18,24,14,16,1000.0,292.7,0.4,0.146
2013,8,15,19,30,0,0,0,13,15,1000.0,296.0,0.5,0.146
2013,8,15,20,30,0,0,0,13,15,1000.0,298.2,0.5,0.146
2013,8,15,21,30,0,0,0,13,14,1000.0,300.3,0.5,0.146
2013,8,15,22,30,0,0,0,13,14,1000.0,297.7,0.5,0.146
2013,8,15,23,30,0,0,0,12,14,1000.0,295.5,0.6000000000000001,0.146
2013,8,16,0,30,0,0,0,12,14,1000.0,297.90000000000003,0.6000000000000001,0.146
2013,8,16,1,30,0,0,0,12,13,1000.0,297.6,0.5,0.146
2013,8,16,2,30,0,0,0,12,13,1000.0,296.1,0.4,0.146
2013,8,16,3,30,0,0,0,11,13,1000.0,295.6,0.4,0.146
2013,8,16,4,30,0,0,0,11,13,1000.0,296.6,0.30000000000000004,0.146
2013,8,16,5,30,188,30,46,12,14,1000.0,299.6,0.1,0.146
2013,8,16,6,30,225,96,157,12,17,1000.0,298.3,0.0,0.146
2013,8,16,7,30,663,90,388,12,20,1000.0,276.8,0.0,0.146
2013,8,16,8,30,755,123,584,11,21,1000.0,271.3,0.0,0.146
2013,8,16,9,30,805,136,732,11,22,1000.0,265.8,0.0,0.146
2013,8,16,10,30,878,117,846,11,23,1000.0,265.7,0.0,0.146
2013,8,16,11,30,185,432,594,11,24,1000.0,268.40000000000003,0.0,0.146
2013,8,16,12,30,53,385,432,11,24,1000.0,269.0,0.0,0.146
2013,8,16,13,30,11,240,249,12,24,1000.0,268.5,0.0,0.146
2013,8,16,14,30,792,132,700,12,24,1000.0,267.7,0.0,0.146
2013,8,16,15,30,730,119,543,12,23,1000.0,272.90000000000003,0.0,0.146
2013,8,16,16,30,635,97,361,13,22,1000.0,282.6,0.0,0.146
2013,8,16,17,30,453,67,172,15,20,1000.0,285.8,0.2,0.146
2013,8,16,18,30,94,16,20,16,19,1000.0,289.0,0.5,0.146
2013,8,16,19,30,0,0,0,15,18,1010.0,282.7,0.6000000000000001,0.146
2013,8,16,20,30,0,0,0,15,17,1010.0,267.8,0.6000000000000001,0.146
2013,8,16,21,30,0,0,0,14,16,1010.0,257.1,0.5,0.146
2013,8,16,22,30,0,0,0,14,15,1010.0,255.5,0.4,0.146
2013,8,16,23,30,0,0,0,14,15,1010.0,262.0,0.4,0.146
2013,8,17,0,30,0,0,0,13,14,1010.0,273.5,0.4,0.146
2013,8,17,1,30,0,0,0,13,13,1010.0,288.1,0.30000000000000004,0.146
2013,8,17,2,30,0,0,0,11,13,1010.0,304.2,0.2,0.146
2013,8,17,3,30,0,0,0,11,12,1010.0,314.8,0.0,0.146
2013,8,17,4,30,0,0,0,11,12,1010.0,330.0,0.0,0.146
2013,8,17,5,30,198,28,44,13,14,1010.0,341.5,0.0,0.146
2013,8,17,6,30,513,73,210,13,18,1010.0,345.5,0.0,0.146
2013,8,17,7,30,672,99,401,13,21,1010.0,358.5,0.0,0.146
2013,8,17,8,30,414,226,479,13,23,1010.0,17.400000000000002,0.0,0.146
2013,8,17,9,30,527,247,636,12,24,1010.0,21.400000000000002,0.0,0.146
2013,8,17,10,30,524,298,732,12,25,1010.0,16.400000000000002,0.0,0.146
2013,8,17,11,30,567,308,803,13,26,1010.0,7.2,0.0,0.146
2013,8,17,12,30,564,307,796,13,26,1010.0,350.90000000000003,0.0,0.146
2013,8,17,13,30,801,155,806,13,26,1010.0,341.70000000000005,0.0,0.146
2013,8,17,14,30,761,146,689,13,26,1010.0,343.1,0.0,0.146
2013,8,17,15,30,694,132,532,13,26,1010.0,340.3,0.0,0.146
2013,8,17,16,30,584,109,349,14,25,1010.0,342.0,0.0,0.146
2013,8,17,17,30,0,66,66,15,23,1010.0,354.0,0.2,0.146
2013,8,17,18,30,0,6,6,14,21,1010.0,16.7,0.30000000000000004,0.146
2013,8,17,19,30,0,0,0,14,20,1010.0,75.9,0.30000000000000004,0.146
2013,8,17,20,30,0,0,0,14,19,1010.0,112.5,0.4,0.146
2013,8,17,21,30,0,0,0,14,18,1010.0,141.6,0.4,0.146
2013,8,17,22,30,0,0,0,14,18,1010.0,168.10000000000002,0.5,0.146
2013,8,17,23,30,0,0,0,15,17,1010.0,179.10000000000002,0.4,0.146
2013,8,18,0,30,0,0,0,15,17,1010.0,191.5,0.4,0.146
2013,8,18,1,30,0,0,0,15,17,1010.0,209.3,0.4,0.146
2013,8,18,2,30,0,0,0,15,17,1010.0,234.70000000000002,0.4,0.146
2013,8,18,3,30,0,0,0,15,16,1010.0,276.1,0.4,0.146
2013,8,18,4,30,0,0,0,14,16,1010.0,311.0,0.5,0.146
2013,8,18,5,30,10,25,26,15,16,1010.0,334.1,0.30000000000000004,0.146
2013,8,18,6,30,32,95,104,16,17,1010.0,352.1,0.0,0.146
2013,8,18,7,30,82,182,218,15,19,1010.0,20.200000000000003,0.0,0.146
2013,8,18,8,30,327,247,445,16,21,1010.0,184.0,0.0,0.146
2013,8,18,9,30,6,196,201,14,23,1010.0,183.10000000000002,0.0,0.146
2013,8,18,10,30,263,389,607,14,24,1010.0,179.60000000000002,0.0,0.146
2013,8,18,11,30,11,240,250,14,24,1010.0,173.5,0.0,0.146
2013,8,18,12,30,25,326,348,14,25,1010.0,172.5,0.0,0.146
2013,8,18,13,30,30,319,343,14,25,1010.0,163.3,0.0,0.146
2013,8,18,14,30,25,267,286,14,25,1000.0,155.20000000000002,0.0,0.146
2013,8,18,15,30,33,221,241,14,24,1000.0,167.5,0.0,0.146
2013,8,18,16,30,179,164,237,15,23,1000.0,176.0,0.0,0.146
2013,8,18,17,30,105,81,105,17,21,1000.0,187.9,0.1,0.146
2013,8,18,18,30,0,9,9,16,19,1000.0,198.5,0.1,0.146
2013,8,18,19,30,0,0,0,15,17,1000.0,209.10000000000002,0.0,0.146
2013,8,18,20,30,0,0,0,14,17,1000.0,214.20000000000002,0.0,0.146
2013,8,18,21,30,0,0,0,14,16,1000.0,222.5,0.0,0.146
2013,8,18,22,30,0,0,0,13,15,1000.0,228.4,0.0,0.146
2013,8,18,23,30,0,0,0,13,15,1000.0,236.8,0.0,0.146
2013,8,19,0,30,0,0,0,13,15,1000.0,248.10000000000002,0.0,0.146
2013,8,19,1,30,0,0,0,13,15,1000.0,254.60000000000002,0.0,0.146
2013,8,19,2,30,0,0,0,13,15,1000.0,257.40000000000003,0.0,0.146
2013,8,19,3,30,0,0,0,13,14,1000.0,260.1,0.0,0.146
2013,8,19,4,30,0,0,0,13,14,1000.0,268.5,0.0,0.146
2013,8,19,5,30,94,25,32,14,15,1000.0,278.5,0.0,0.146
2013,8,19,6,30,393,88,191,14,18,1000.0,278.2,0.0,0.146
2013,8,19,7,30,596,117,381,15,20,1000.0,290.2,0.0,0.146
2013,8,19,8,30,719,131,565,15,22,1000.0,311.90000000000003,0.0,0.146
2013,8,19,9,30,611,216,663,14,23,1000.0,311.40000000000003,0.0,0.146
2013,8,19,10,30,315,376,635,13,24,1000.0,302.3,0.0,0.146
2013,8,19,11,30,361,387,700,13,25,1000.0,292.2,0.0,0.146
2013,8,19,12,30,274,410,646,13,25,1000.0,284.40000000000003,0.0,0.146
2013,8,19,13,30,255,380,586,13,25,1000.0,280.8,0.0,0.146
2013,8,19,14,30,39,287,314,13,25,1000.0,279.7,0.0,0.146
2013,8,19,15,30,38,224,245,14,24,1000.0,278.5,0.0,0.146
2013,8,19,16,30,70,160,189,14,23,1000.0,277.2,0.0,0.146
2013,8,19,17,30,0,5,5,17,21,1000.0,270.90000000000003,0.0,0.146
2013,8,19,18,30,0,0,0,17,18,1000.0,264.3,0.0,0.146
2013,8,19,19,30,0,0,0,16,18,1000.0,265.5,0.0,0.146
2013,8,19,20,30,0,0,0,16,18,1000.0,267.0,0.0,0.146
2013,8,19,21,30,0,0,0,16,17,1000.0,267.7,0.0,0.146
2013,8,19,22,30,0,0,0,16,17,1000.0,272.40000000000003,0.0,0.146
2013,8,19,23,30,0,0,0,16,16,1000.0,278.8,0.0,0.146
2013,8,20,0,30,0,0,0,15,16,1000.0,287.0,0.0,0.146
2013,8,20,1,30,0,0,0,15,16,1000.0,294.5,0.0,0.146
2013,8,20,2,30,0,0,0,15,16,1000.0,301.7,0.0,0.146
2013,8,20,3,30,0,0,0,15,15,1000.0,306.0,0.0,0.146
2013,8,20,4,30,0,0,0,15,15,1000.0,309.90000000000003,0.0,0.146
2013,8,20,5,30,101,24,31,15,17,1000.0,309.3,0.0,0.146
2013,8,20,6,30,382,89,188,15,19,1000.0,302.3,0.0,0.146
2013,8,20,7,30,569,125,376,16,22,1000.0,299.7,0.0,0.146
2013,8,20,8,30,686,144,556,15,25,1000.0,315.40000000000003,0.0,0.146
2013,8,20,9,30,751,157,706,15,26,1000.0,308.20000000000005,0.0,0.146
2013,8,20,10,30,811,151,816,15,27,1000.0,299.40000000000003,0.0,0.146
2013,8,20,11,30,824,154,866,14,28,1000.0,293.7,0.0,0.146
2013,8,20,12,30,821,152,857,15,28,1000.0,292.1,0.0,0.146
2013,8,20,13,30,753,175,780,15,28,1000.0,292.3,0.0,0.146
2013,8,20,14,30,702,168,662,15,28,1000.0,292.5,0.0,0.146
2013,8,20,15,30,625,152,505,15,27,1000.0,293.8,0.0,0.146
2013,8,20,16,30,502,124,324,16,26,1000.0,296.1,0.0,0.146
2013,8,20,17,30,303,78,143,18,23,1000.0,295.1,0.2,0.146
2013,8,20,18,30,26,8,8,18,21,1000.0,289.0,0.5,0.146
2013,8,20,19,30,0,0,0,17,19,1000.0,284.90000000000003,0.5,0.146
2013,8,20,20,30,0,0,0,17,19,1000.0,278.6,0.4,0.146
2013,8,20,21,30,0,0,0,17,18,1000.0,272.8,0.30000000000000004,0.146
2013,8,20,22,30,0,0,0,17,18,1000.0,275.1,0.30000000000000004,0.146
2013,8,20,23,30,0,0,0,17,17,1000.0,282.90000000000003,0.30000000000000004,0.146
2013,8,21,0,30,0,0,0,16,17,1000.0,292.3,0.30000000000000004,0.146
2013,8,21,1,30,0,0,0,16,16,1000.0,302.2,0.2,0.146
2013,8,21,2,30,0,0,0,15,16,1000.0,311.0,0.1,0.146
2013,8,21,3,30,0,0,0,15,15,1000.0,314.70000000000005,0.1,0.146
2013,8,21,4,30,0,0,0,15,15,1000.0,319.8,0.0,0.146
2013,8,21,5,30,121,24,32,16,17,1000.0,318.6,0.0,0.146
2013,8,21,6,30,424,82,191,16,20,1000.0,311.1,0.0,0.146
2013,8,21,7,30,596,118,378,16,24,1000.0,285.0,0.0,0.146
2013,8,21,8,30,693,142,556,15,26,1000.0,299.2,0.0,0.146
2013,8,21,9,30,748,160,704,15,28,1000.0,294.90000000000003,0.0,0.146
2013,8,21,10,30,867,119,828,15,29,1000.0,289.0,0.0,0.146
2013,8,21,11,30,878,122,878,15,29,1000.0,285.5,0.0,0.146
2013,8,21,12,30,873,122,869,15,30,1000.0,283.40000000000003,0.0,0.146
2013,8,21,13,30,790,156,787,15,30,1000.0,281.0,0.0,0.146
2013,8,21,14,30,743,149,669,16,29,1000.0,277.5,0.0,0.146
2013,8,21,15,30,665,137,510,16,28,1000.0,274.5,0.0,0.146
2013,8,21,16,30,538,115,327,16,27,1000.0,270.0,0.0,0.146
2013,8,21,17,30,330,73,142,19,24,1000.0,264.6,0.2,0.146
2013,8,21,18,30,0,7,7,18,22,1000.0,261.7,0.4,0.146
2013,8,21,19,30,0,0,0,17,20,1000.0,255.4,0.30000000000000004,0.146
2013,8,21,20,30,0,0,0,17,19,1000.0,249.9,0.2,0.146
2013,8,21,21,30,0,0,0,17,19,1000.0,245.8,0.1,0.146
2013,8,21,22,30,0,0,0,16,18,1000.0,248.10000000000002,0.0,0.146
2013,8,21,23,30,0,0,0,17,18,1000.0,235.9,0.0,0.146
2013,8,22,0,30,0,0,0,17,17,1000.0,239.0,0.0,0.146
2013,8,22,1,30,0,0,0,16,17,1000.0,245.20000000000002,0.0,0.146
2013,8,22,2,30,0,0,0,16,17,1000.0,249.8,0.0,0.146
2013,8,22,3,30,0,0,0,16,16,1000.0,250.9,0.0,0.146
2013,8,22,4,30,0,0,0,16,16,1000.0,247.5,0.0,0.146
2013,8,22,5,30,0,14,14,16,18,1000.0,241.8,0.0,0.146
2013,8,22,6,30,356,77,168,17,21,1000.0,226.0,0.0,0.146
2013,8,22,7,30,334,159,304,18,23,1000.0,211.4,0.0,0.146
2013,8,22,8,30,369,233,453,18,26,1000.0,228.5,0.0,0.146
2013,8,22,9,30,396,297,584,18,27,1000.0,225.0,0.0,0.146
2013,8,22,10,30,226,392,576,19,27,1000.0,215.60000000000002,0.0,0.146
2013,8,22,11,30,218,420,607,19,27,1000.0,212.10000000000002,0.0,0.146
2013,8,22,12,30,428,346,710,20,26,1000.0,210.5,0.0,0.146
2013,8,22,13,30,75,366,426,20,26,1000.0,207.0,0.0,0.146
2013,8,22,14,30,4,183,186,20,25,1000.0,203.60000000000002,0.0,0.146
2013,8,22,15,30,277,232,387,21,25,990.0,206.4,0.0,0.146
2013,8,22,16,30,211,154,236,21,24,990.0,211.3,0.0,0.146
2013,8,22,17,30,206,70,113,21,23,990.0,207.60000000000002,0.0,0.146
2013,8,22,18,30,0,0,0,21,21,990.0,200.70000000000002,0.0,0.146
2013,8,22,19,30,0,0,0,20,21,990.0,202.3,0.0,0.146
2013,8,22,20,30,0,0,0,20,21,990.0,212.20000000000002,0.0,0.146
2013,8,22,21,30,0,0,0,20,20,990.0,217.60000000000002,0.0,0.146
2013,8,22,22,30,0,0,0,19,20,990.0,219.70000000000002,0.0,0.146
2013,8,22,23,30,0,0,0,19,20,990.0,225.70000000000002,0.0,0.146
2013,8,23,0,30,0,0,0,19,19,990.0,248.60000000000002,0.0,0.146
2013,8,23,1,30,0,0,0,18,19,990.0,296.0,0.0,0.146
2013,8,23,2,30,0,0,0,17,18,990.0,326.40000000000003,0.0,0.146
2013,8,23,3,30,0,0,0,16,17,990.0,339.1,0.0,0.146
2013,8,23,4,30,0,0,0,16,16,1000.0,338.5,0.0,0.146
2013,8,23,5,30,1,20,21,15,17,1000.0,336.1,0.0,0.146
2013,8,23,6,30,170,91,134,15,19,1000.0,335.90000000000003,0.0,0.146
2013,8,23,7,30,167,178,250,15,21,1000.0,346.40000000000003,0.0,0.146
2013,8,23,8,30,594,160,512,14,23,1000.0,355.70000000000005,0.0,0.146
2013,8,23,9,30,821,126,719,13,24,1000.0,356.0,0.0,0.146
2013,8,23,10,30,897,107,835,12,25,1000.0,354.70000000000005,0.0,0.146
2013,8,23,11,30,527,317,768,12,26,1000.0,354.0,0.0,0.146
2013,8,23,12,30,550,305,771,12,26,1000.0,352.90000000000003,0.0,0.146
2013,8,23,13,30,402,328,647,12,26,1000.0,352.40000000000003,0.0,0.146
2013,8,23,14,30,515,230,587,12,25,1000.0,353.40000000000003,0.0,0.146
2013,8,23,15,30,703,111,500,12,24,1000.0,355.0,0.0,0.146
2013,8,23,16,30,302,141,257,12,23,1000.0,358.3,0.0,0.146
2013,8,23,17,30,330,64,130,13,21,1000.0,1.3,0.0,0.146
2013,8,23,18,30,0,0,0,13,19,1000.0,3.4000000000000004,0.0,0.146
2013,8,23,19,30,0,0,0,13,17,1000.0,5.800000000000001,0.0,0.146
2013,8,23,20,30,0,0,0,13,16,1000.0,9.0,0.0,0.146
2013,8,23,21,30,0,0,0,13,15,1000.0,9.3,0.0,0.146
2013,8,23,22,30,0,0,0,13,15,1000.0,6.5,0.0,0.146
2013,8,23,23,30,0,0,0,12,14,1000.0,2.2,0.0,0.146
2013,8,24,0,30,0,0,0,12,13,1000.0,359.5,0.0,0.146
2013,8,24,1,30,0,0,0,11,13,1000.0,0.9,0.0,0.146
2013,8,24,2,30,0,0,0,11,12,1000.0,5.7,0.0,0.146
2013,8,24,3,30,0,0,0,11,12,1010.0,7.6000000000000005,0.0,0.146
2013,8,24,4,30,0,0,0,11,12,1010.0,4.5,0.0,0.146
2013,8,24,5,30,260,19,34,11,13,1010.0,0.4,0.0,0.146
2013,8,24,6,30,636,50,207,11,16,1010.0,2.5,0.0,0.146
2013,8,24,7,30,796,66,408,10,19,1010.0,31.5,0.0,0.146
2013,8,24,8,30,878,77,595,9,21,1010.0,28.6,0.0,0.146
2013,8,24,9,30,924,84,749,9,22,1010.0,19.400000000000002,0.0,0.146
2013,8,24,10,30,951,87,856,8,23,1010.0,18.7,0.0,0.146
2013,8,24,11,30,960,89,906,8,24,1010.0,21.200000000000003,0.0,0.146
2013,8,24,12,30,956,89,897,8,25,1010.0,24.3,0.0,0.146
2013,8,24,13,30,935,89,827,8,25,1010.0,27.8,0.0,0.146
2013,8,24,14,30,901,85,705,8,26,1010.0,30.400000000000002,0.0,0.146
2013,8,24,15,30,844,77,541,8,25,1010.0,28.0,0.0,0.146
2013,8,24,16,30,748,64,349,8,24,1010.0,24.3,0.0,0.146
2013,8,24,17,30,558,43,153,10,22,1010.0,15.100000000000001,0.1,0.146
2013,8,24,18,30,0,0,0,9,20,1010.0,238.60000000000002,0.4,0.146
2013,8,24,19,30,0,0,0,10,18,1010.0,245.0,0.6000000000000001,0.146
2013,8,24,20,30,0,0,0,10,16,1010.0,262.3,0.5,0.146
2013,8,24,21,30,0,0,0,11,15,1010.0,273.6,0.5,0.146
2013,8,24,22,30,0,0,0,11,14,1010.0,278.8,0.5,0.146
2013,8,24,23,30,0,0,0,11,13,1010.0,286.8,0.6000000000000001,0.146
2013,8,25,0,30,0,0,0,11,12,1010.0,297.0,0.5,0.146
2013,8,25,1,30,0,0,0,11,12,1010.0,313.0,0.4,0.146
2013,8,25,2,30,0,0,0,11,12,1010.0,325.40000000000003,0.2,0.146
2013,8,25,3,30,0,0,0,11,11,1010.0,338.6,0.0,0.146
2013,8,25,4,30,0,0,0,11,11,1010.0,347.6,0.0,0.146
2013,8,25,5,30,235,18,31,11,13,1010.0,343.1,0.0,0.146
2013,8,25,6,30,611,53,202,11,16,1010.0,334.90000000000003,0.0,0.146
2013,8,25,7,30,772,72,401,12,20,1010.0,308.0,0.0,0.146
2013,8,25,8,30,854,84,586,10,24,1010.0,317.8,0.0,0.146
2013,8,25,9,30,897,94,737,9,25,1010.0,292.40000000000003,0.0,0.146
2013,8,25,10,30,922,100,843,8,26,1010.0,279.40000000000003,0.0,0.146
2013,8,25,11,30,932,102,893,8,27,1010.0,268.6,0.0,0.146
2013,8,25,12,30,932,100,885,8,27,1010.0,262.7,0.0,0.146
2013,8,25,13,30,915,97,816,8,28,1010.0,255.70000000000002,0.0,0.146
2013,8,25,14,30,885,90,696,8,27,1010.0,246.70000000000002,0.0,0.146
2013,8,25,15,30,826,81,531,8,26,1010.0,247.20000000000002,0.0,0.146
2013,8,25,16,30,721,68,339,9,24,1010.0,252.9,0.0,0.146
2013,8,25,17,30,513,46,144,13,21,1010.0,242.8,0.0,0.146
2013,8,25,18,30,0,0,0,13,19,1000.0,229.4,0.0,0.146
2013,8,25,19,30,0,0,0,12,19,1010.0,223.20000000000002,0.0,0.146
2013,8,25,20,30,0,0,0,12,18,1010.0,220.8,0.0,0.146
2013,8,25,21,30,0,0,0,13,18,1010.0,217.0,0.0,0.146
2013,8,25,22,30,0,0,0,13,17,1010.0,216.70000000000002,0.0,0.146
2013,8,25,23,30,0,0,0,14,17,1010.0,220.60000000000002,0.0,0.146
2013,8,26,0,30,0,0,0,15,17,1000.0,217.70000000000002,0.0,0.146
2013,8,26,1,30,0,0,0,15,17,1000.0,211.8,0.0,0.146
2013,8,26,2,30,0,0,0,15,17,1000.0,210.9,0.0,0.146
2013,8,26,3,30,0,0,0,15,17,1000.0,215.4,0.0,0.146
2013,8,26,4,30,0,0,0,15,17,1000.0,216.70000000000002,0.0,0.146
2013,8,26,5,30,0,5,5,15,17,1000.0,222.70000000000002,0.0,0.146
2013,8,26,6,30,0,16,16,15,18,1000.0,217.20000000000002,0.0,0.146
2013,8,26,7,30,0,33,33,15,20,1000.0,228.70000000000002,0.0,0.146
2013,8,26,8,30,21,215,227,15,22,1000.0,237.3,0.0,0.146
2013,8,26,9,30,29,277,299,15,24,1000.0,244.9,0.0,0.146
2013,8,26,10,30,143,389,505,15,25,1000.0,246.9,0.0,0.146
2013,8,26,11,30,43,362,399,16,26,1000.0,249.10000000000002,0.0,0.146
2013,8,26,12,30,280,396,631,16,25,1000.0,248.70000000000002,0.0,0.146
2013,8,26,13,30,322,351,603,17,24,1000.0,248.8,0.0,0.146
2013,8,26,14,30,59,293,334,17,24,1000.0,249.70000000000002,0.0,0.146
2013,8,26,15,30,471,196,451,18,23,1000.0,248.60000000000002,0.0,0.146
2013,8,26,16,30,0,62,62,18,22,1000.0,242.8,0.0,0.146
2013,8,26,17,30,42,65,73,19,21,1000.0,235.4,0.0,0.146
2013,8,26,18,30,0,0,0,19,20,1000.0,229.0,0.0,0.146
2013,8,26,19,30,0,0,0,19,20,1000.0,232.3,0.0,0.146
2013,8,26,20,30,0,0,0,19,20,1000.0,236.10000000000002,0.0,0.146
2013,8,26,21,30,0,0,0,19,19,1000.0,228.60000000000002,0.0,0.146
2013,8,26,22,30,0,0,0,19,19,990.0,216.8,0.0,0.146
2013,8,26,23,30,0,0,0,19,19,990.0,218.5,0.0,0.146
2013,8,27,0,30,0,0,0,18,19,990.0,210.8,0.0,0.146
2013,8,27,1,30,0,0,0,18,19,990.0,190.10000000000002,0.1,0.146
2013,8,27,2,30,0,0,0,18,19,990.0,167.70000000000002,0.2,0.146
2013,8,27,3,30,0,0,0,18,18,990.0,138.20000000000002,0.2,0.146
2013,8,27,4,30,0,0,0,18,18,990.0,99.4,0.2,0.146
2013,8,27,5,30,0,7,7,18,19,990.0,60.1,0.0,0.146
2013,8,27,6,30,0,75,75,19,20,990.0,41.0,0.0,0.146
2013,8,27,7,30,248,165,270,20,21,990.0,39.6,0.0,0.146
2013,8,27,8,30,6,180,184,21,22,990.0,46.1,0.0,0.146
2013,8,27,9,30,53,304,342,21,24,990.0,41.400000000000006,0.0,0.146
2013,8,27,10,30,55,353,397,20,26,990.0,31.3,0.0,0.146
2013,8,27,11,30,320,388,658,19,27,990.0,21.900000000000002,0.0,0.146
2013,8,27,12,30,440,333,701,19,28,990.0,17.1,0.0,0.146
2013,8,27,13,30,721,180,741,19,28,990.0,12.3,0.0,0.146
2013,8,27,14,30,690,160,627,19,28,990.0,6.9,0.0,0.146
2013,8,27,15,30,630,135,473,19,27,990.0,1.3,0.0,0.146
2013,8,27,16,30,513,106,294,20,26,990.0,1.4000000000000001,0.0,0.146
2013,8,27,17,30,300,62,116,21,24,990.0,10.5,0.2,0.146
2013,8,27,18,30,0,0,0,20,22,990.0,0.8,0.30000000000000004,0.146
2013,8,27,19,30,0,0,0,20,22,990.0,9.200000000000001,0.2,0.146
2013,8,27,20,30,0,0,0,19,21,990.0,11.100000000000001,0.2,0.146
2013,8,27,21,30,0,0,0,19,21,1000.0,11.700000000000001,0.2,0.146
2013,8,27,22,30,0,0,0,19,20,990.0,22.900000000000002,0.2,0.146
2013,8,27,23,30,0,0,0,19,20,990.0,25.0,0.30000000000000004,0.146
2013,8,28,0,30,0,0,0,19,20,990.0,29.0,0.30000000000000004,0.146
2013,8,28,1,30,0,0,0,18,19,990.0,31.6,0.2,0.146
2013,8,28,2,30,0,0,0,18,19,990.0,36.800000000000004,0.2,0.146
2013,8,28,3,30,0,0,0,18,19,990.0,23.0,0.2,0.146
2013,8,28,4,30,0,0,0,18,19,990.0,18.6,0.2,0.146
2013,8,28,5,30,59,14,17,18,19,990.0,37.4,0.1,0.146
2013,8,28,6,30,0,45,45,19,21,990.0,114.4,0.0,0.146
2013,8,28,7,30,38,159,175,19,24,1000.0,174.60000000000002,0.0,0.146
2013,8,28,8,30,62,246,282,19,27,1000.0,184.20000000000002,0.0,0.146
2013,8,28,9,30,692,170,660,19,28,1000.0,161.9,0.0,0.146
2013,8,28,10,30,790,145,775,18,29,990.0,152.0,0.0,0.146
2013,8,28,11,30,789,158,820,18,29,990.0,153.3,0.0,0.146
2013,8,28,12,30,270,395,620,18,29,990.0,154.5,0.0,0.146
2013,8,28,13,30,710,183,734,18,29,990.0,153.9,0.0,0.146
2013,8,28,14,30,646,180,614,18,28,990.0,153.20000000000002,0.0,0.146
2013,8,28,15,30,551,163,457,18,28,990.0,155.0,0.0,0.146
2013,8,28,16,30,170,144,206,20,27,990.0,149.70000000000002,0.0,0.146
2013,8,28,17,30,0,55,55,20,24,990.0,137.0,0.1,0.146
2013,8,28,18,30,0,0,0,21,22,1000.0,127.10000000000001,0.1,0.146
2013,8,28,19,30,0,0,0,20,21,1000.0,124.30000000000001,0.1,0.146
2013,8,28,20,30,0,0,0,20,20,1000.0,125.0,0.1,0.146
2013,8,28,21,30,0,0,0,19,20,1000.0,128.1,0.1,0.146
2013,8,28,22,30,0,0,0,19,19,1000.0,126.80000000000001,0.1,0.146
2013,8,28,23,30,0,0,0,19,19,1000.0,119.2,0.1,0.146
2013,8,29,0,30,0,0,0,18,19,1000.0,114.0,0.1,0.146
2013,8,29,1,30,0,0,0,18,19,1000.0,106.5,0.0,0.146
2013,8,29,2,30,0,0,0,18,19,1000.0,80.2,0.0,0.146
2013,8,29,3,30,0,0,0,18,18,1000.0,74.8,0.0,0.146
2013,8,29,4,30,0,0,0,17,18,1000.0,66.4,0.0,0.146
2013,8,29,5,30,11,10,10,17,18,1000.0,57.6,0.0,0.146
2013,8,29,6,30,0,40,40,18,18,1000.0,50.800000000000004,0.0,0.146
2013,8,29,7,30,0,51,51,18,20,1000.0,53.0,0.0,0.146
2013,8,29,8,30,34,225,245,18,22,1000.0,53.0,0.0,0.146
2013,8,29,9,30,6,195,200,17,24,1000.0,53.1,0.0,0.146
2013,8,29,10,30,13,253,264,17,25,1000.0,52.400000000000006,0.0,0.146
2013,8,29,11,30,12,247,257,17,25,1000.0,51.800000000000004,0.0,0.146
2013,8,29,12,30,21,299,317,17,26,1000.0,49.800000000000004,0.0,0.146
2013,8,29,13,30,25,292,312,17,26,1000.0,46.800000000000004,0.0,0.146
2013,8,29,14,30,72,294,342,17,25,1000.0,49.800000000000004,0.0,0.146
2013,8,29,15,30,0,154,154,17,24,1000.0,55.6,0.0,0.146
2013,8,29,16,30,48,137,154,17,23,1000.0,63.300000000000004,0.0,0.146
2013,8,29,17,30,306,57,110,17,21,1000.0,73.10000000000001,0.0,0.146
2013,8,29,18,30,0,0,0,17,19,1000.0,87.10000000000001,0.0,0.146
2013,8,29,19,30,0,0,0,17,18,1000.0,99.10000000000001,0.0,0.146
2013,8,29,20,30,0,0,0,17,17,1000.0,105.5,0.0,0.146
2013,8,29,21,30,0,0,0,16,17,1000.0,109.80000000000001,0.0,0.146
2013,8,29,22,30,0,0,0,16,17,1000.0,120.5,0.0,0.146
2013,8,29,23,30,0,0,0,16,16,1000.0,142.9,0.0,0.146
2013,8,30,0,30,0,0,0,15,16,1000.0,147.5,0.1,0.146
2013,8,30,1,30,0,0,0,15,16,1000.0,170.3,0.1,0.146
2013,8,30,2,30,0,0,0,15,16,1000.0,203.3,0.1,0.146
2013,8,30,3,30,0,0,0,15,16,1000.0,229.70000000000002,0.0,0.146
2013,8,30,4,30,0,0,0,15,16,1000.0,236.60000000000002,0.0,0.146
2013,8,30,5,30,38,13,15,16,17,1000.0,243.3,0.0,0.146
2013,8,30,6,30,0,30,30,17,19,1000.0,240.3,0.0,0.146
2013,8,30,7,30,0,88,88,17,21,1000.0,243.60000000000002,0.0,0.146
2013,8,30,8,30,52,236,266,18,23,1000.0,253.8,0.0,0.146
2013,8,30,9,30,185,329,459,18,25,1000.0,261.3,0.0,0.146
2013,8,30,10,30,284,367,592,18,26,1000.0,264.90000000000003,0.0,0.146
2013,8,30,11,30,389,357,681,18,27,1000.0,263.40000000000003,0.0,0.146
2013,8,30,12,30,834,128,815,17,28,990.0,266.2,0.0,0.146
2013,8,30,13,30,788,137,742,17,29,990.0,272.2,0.0,0.146
2013,8,30,14,30,746,128,623,17,29,990.0,271.1,0.0,0.146
2013,8,30,15,30,676,112,466,18,28,990.0,262.90000000000003,0.0,0.146
2013,8,30,16,30,550,90,284,18,26,990.0,252.8,0.0,0.146
2013,8,30,17,30,29,58,62,20,24,990.0,246.3,0.1,0.146
2013,8,30,18,30,0,0,0,20,22,990.0,239.8,0.2,0.146
2013,8,30,19,30,0,0,0,19,21,990.0,237.3,0.1,0.146
2013,8,30,20,30,0,0,0,19,21,990.0,220.10000000000002,0.0,0.146
2013,8,30,21,30,0,0,0,19,20,990.0,207.5,0.0,0.146
2013,8,30,22,30,0,0,0,19,20,990.0,209.9,0.0,0.146
2013,8,30,23,30,0,0,0,19,20,990.0,218.20000000000002,0.0,0.146
2013,8,31,0,30,0,0,0,19,20,990.0,224.10000000000002,0.0,0.146
2013,8,31,1,30,0,0,0,19,19,990.0,221.0,0.0,0.146
2013,8,31,2,30,0,0,0,18,19,990.0,216.5,0.0,0.146
2013,8,31,3,30,0,0,0,18,19,990.0,212.3,0.0,0.146
2013,8,31,4,30,0,0,0,18,19,990.0,210.10000000000002,0.0,0.146
2013,8,31,5,30,0,1,1,19,20,990.0,207.60000000000002,0.0,0.146
2013,8,31,6,30,0,7,7,20,22,990.0,200.9,0.0,0.146
2013,8,31,7,30,0,116,116,21,24,990.0,220.0,0.0,0.146
2013,8,31,8,30,7,182,187,21,26,990.0,221.10000000000002,0.0,0.146
2013,8,31,9,30,77,314,368,21,27,990.0,210.8,0.0,0.146
2013,8,31,10,30,49,341,380,21,27,990.0,204.4,0.0,0.146
2013,8,31,11,30,43,354,389,21,27,990.0,199.4,0.0,0.146
2013,8,31,12,30,27,318,340,21,26,990.0,195.8,0.0,0.146
2013,8,31,13,30,14,252,264,21,26,990.0,192.4,0.0,0.146
2013,8,31,14,30,46,274,304,22,25,990.0,189.3,0.0,0.146
2013,8,31,15,30,86,220,265,22,24,990.0,187.4,0.0,0.146
2013,8,31,16,30,91,138,170,22,23,990.0,188.60000000000002,0.0,0.146
2013,8,31,17,30,22,57,60,22,22,990.0,191.70000000000002,0.0,0.146
2013,8,31,18,30,0,0,0,21,22,990.0,193.10000000000002,0.0,0.146
2000,8,31,19,30,0,0,0,18,21,1000.0,202.60000000000002,0.0,0.14400000000000002
2000,8,31,20,30,0,0,0,18,20,1000.0,200.8,0.0,0.14400000000000002
2000,8,31,21,30,0,0,0,18,20,1000.0,202.60000000000002,0.0,0.14400000000000002
2000,8,31,22,30,0,0,0,18,19,1000.0,206.60000000000002,0.0,0.14400000000000002
2000,8,31,23,30,0,0,0,18,19,1000.0,211.60000000000002,0.0,0.14400000000000002
2000,9,1,0,30,0,0,0,18,18,1000.0,215.10000000000002,0.0,0.14400000000000002
2000,9,1,1,30,0,0,0,18,18,1000.0,216.8,0.0,0.14400000000000002
2000,9,1,2,30,0,0,0,18,18,1000.0,216.5,0.0,0.14400000000000002
2000,9,1,3,30,0,0,0,17,18,1000.0,215.4,0.0,0.14400000000000002
2000,9,1,4,30,0,0,0,17,18,1000.0,215.5,0.0,0.14400000000000002
2000,9,1,5,30,88,13,15,19,19,1000.0,217.10000000000002,0.0,0.14400000000000002
2000,9,1,6,30,496,54,165,20,22,1000.0,212.0,0.0,0.14400000000000002
2000,9,1,7,30,26,149,160,21,24,1000.0,219.0,0.0,0.14400000000000002
2000,9,1,8,30,777,87,528,20,27,1000.0,224.3,0.0,0.14400000000000002
2000,9,1,9,30,826,98,672,20,28,1000.0,224.8,0.0,0.14400000000000002
2000,9,1,10,30,279,364,583,20,29,1000.0,221.60000000000002,0.0,0.14400000000000002
2000,9,1,11,30,251,395,603,20,29,1000.0,218.4,0.0,0.14400000000000002
2000,9,1,12,30,234,393,584,20,30,1000.0,217.10000000000002,0.0,0.14400000000000002
2000,9,1,13,30,740,157,718,20,29,1000.0,217.0,0.0,0.14400000000000002
2000,9,1,14,30,312,280,485,20,28,1000.0,217.60000000000002,0.0,0.14400000000000002
2000,9,1,15,30,555,150,435,21,27,1000.0,220.3,0.0,0.14400000000000002
2000,9,1,16,30,378,125,255,21,26,1000.0,220.3,0.0,0.14400000000000002
2000,9,1,17,30,151,62,85,22,25,1000.0,216.5,0.0,0.14400000000000002
2000,9,1,18,30,0,0,0,22,23,1000.0,212.20000000000002,0.0,0.14400000000000002
2000,9,1,19,30,0,0,0,21,22,1000.0,209.3,0.0,0.14400000000000002
2000,9,1,20,30,0,0,0,21,22,1000.0,207.3,0.0,0.14400000000000002
2000,9,1,21,30,0,0,0,21,22,1000.0,205.0,0.0,0.14400000000000002
2000,9,1,22,30,0,0,0,21,21,1000.0,202.4,0.0,0.14400000000000002
2000,9,1,23,30,0,0,0,21,21,1000.0,199.8,0.0,0.14400000000000002
2000,9,2,0,30,0,0,0,20,21,1000.0,196.0,0.0,0.14400000000000002
2000,9,2,1,30,0,0,0,20,21,1000.0,194.3,0.0,0.14400000000000002
2000,9,2,2,30,0,0,0,20,21,1000.0,197.4,0.0,0.14400000000000002
2000,9,2,3,30,0,0,0,20,20,1000.0,202.20000000000002,0.0,0.14400000000000002
2000,9,2,4,30,0,0,0,20,20,1000.0,210.3,0.0,0.14400000000000002
2000,9,2,5,30,0,5,5,20,20,1000.0,216.9,0.0,0.14400000000000002
2000,9,2,6,30,0,27,27,21,21,1000.0,211.10000000000002,0.0,0.14400000000000002
2000,9,2,7,30,414,146,313,21,23,1000.0,211.70000000000002,0.0,0.14400000000000002
2000,9,2,8,30,33,219,237,22,25,1000.0,224.9,0.0,0.14400000000000002
2000,9,2,9,30,0,148,148,22,26,1000.0,230.0,0.0,0.14400000000000002
2000,9,2,10,30,112,372,460,21,27,1000.0,235.5,0.0,0.14400000000000002
2000,9,2,11,30,654,230,767,20,28,1000.0,236.9,0.0,0.14400000000000002
2000,9,2,12,30,132,396,503,20,29,1000.0,231.20000000000002,0.0,0.14400000000000002
2000,9,2,13,30,276,347,555,20,28,1000.0,225.10000000000002,0.0,0.14400000000000002
2000,9,2,14,30,250,290,453,20,28,1000.0,220.60000000000002,0.0,0.14400000000000002
2000,9,2,15,30,0,112,112,20,27,1000.0,217.20000000000002,0.0,0.14400000000000002
2000,9,2,16,30,111,133,171,21,26,1000.0,214.9,0.0,0.14400000000000002
2000,9,2,17,30,0,27,27,21,24,1000.0,225.60000000000002,0.1,0.14400000000000002
2000,9,2,18,30,0,0,0,21,22,1000.0,204.70000000000002,0.2,0.14400000000000002
2000,9,2,19,30,0,0,0,20,21,1000.0,169.3,0.1,0.14400000000000002
2000,9,2,20,30,0,0,0,20,20,1000.0,162.60000000000002,0.0,0.14400000000000002
2000,9,2,21,30,0,0,0,19,20,1000.0,163.60000000000002,0.0,0.14400000000000002
2000,9,2,22,30,0,0,0,19,20,1000.0,164.60000000000002,0.0,0.14400000000000002
2000,9,2,23,30,0,0,0,19,19,1000.0,170.20000000000002,0.1,0.14400000000000002
2000,9,3,0,30,0,0,0,19,19,1000.0,175.9,0.2,0.14400000000000002
2000,9,3,1,30,0,0,0,19,19,1000.0,174.4,0.30000000000000004,0.14400000000000002
2000,9,3,2,30,0,0,0,18,19,1000.0,164.70000000000002,0.30000000000000004,0.14400000000000002
2000,9,3,3,30,0,0,0,18,19,1000.0,139.0,0.30000000000000004,0.14400000000000002
2000,9,3,4,30,0,0,0,18,18,1000.0,62.0,0.2,0.14400000000000002
2000,9,3,5,30,0,6,6,18,18,1000.0,35.7,0.1,0.14400000000000002
2000,9,3,6,30,206,90,135,19,20,1000.0,38.7,0.0,0.14400000000000002
2000,9,3,7,30,0,56,56,20,22,1000.0,25.0,0.0,0.14400000000000002
2000,9,3,8,30,0,87,87,20,24,1000.0,357.6,0.0,0.14400000000000002
2000,9,3,9,30,306,307,519,20,26,1000.0,328.40000000000003,0.0,0.14400000000000002
2000,9,3,10,30,239,369,555,19,28,1000.0,292.6,0.0,0.14400000000000002
2000,9,3,11,30,309,378,631,19,29,1000.0,272.1,0.0,0.14400000000000002
2000,9,3,12,30,29,317,340,19,29,990.0,258.7,0.0,0.14400000000000002
2000,9,3,13,30,644,212,696,19,29,990.0,242.8,0.0,0.14400000000000002
2000,9,3,14,30,74,284,332,19,28,990.0,228.4,0.0,0.14400000000000002
2000,9,3,15,30,532,159,428,19,27,990.0,218.70000000000002,0.0,0.14400000000000002
2000,9,3,16,30,179,129,189,20,26,990.0,210.4,0.0,0.14400000000000002
2000,9,3,17,30,142,58,79,21,24,990.0,241.70000000000002,0.1,0.14400000000000002
2000,9,3,18,30,0,0,0,21,23,990.0,264.90000000000003,0.30000000000000004,0.14400000000000002
2000,9,3,19,30,0,0,0,21,22,990.0,277.8,0.30000000000000004,0.14400000000000002
2000,9,3,20,30,0,0,0,20,22,990.0,294.5,0.2,0.14400000000000002
2000,9,3,21,30,0,0,0,20,21,990.0,303.8,0.2,0.14400000000000002
2000,9,3,22,30,0,0,0,20,21,990.0,298.0,0.2,0.14400000000000002
2000,9,3,23,30,0,0,0,20,21,990.0,286.6,0.2,0.14400000000000002
2000,9,4,0,30,0,0,0,20,20,990.0,284.40000000000003,0.30000000000000004,0.14400000000000002
2000,9,4,1,30,0,0,0,19,20,990.0,286.90000000000003,0.30000000000000004,0.14400000000000002
2000,9,4,2,30,0,0,0,19,20,990.0,292.6,0.30000000000000004,0.14400000000000002
2000,9,4,3,30,0,0,0,19,20,990.0,294.0,0.30000000000000004,0.14400000000000002
2000,9,4,4,30,0,0,0,19,19,990.0,304.3,0.4,0.14400000000000002
2000,9,4,5,30,0,3,3,19,19,990.0,317.8,0.2,0.14400000000000002
2000,9,4,6,30,0,43,43,20,21,990.0,331.1,0.0,0.14400000000000002
2000,9,4,7,30,186,160,234,20,23,990.0,339.6,0.0,0.14400000000000002
2000,9,4,8,30,83,241,287,20,25,990.0,344.90000000000003,0.0,0.14400000000000002
2000,9,4,9,30,630,194,626,19,26,990.0,344.6,0.0,0.14400000000000002
2000,9,4,10,30,568,267,707,19,27,990.0,346.20000000000005,0.0,0.14400000000000002
2000,9,4,11,30,242,392,589,18,27,990.0,348.5,0.0,0.14400000000000002
2000,9,4,12,30,110,387,476,18,26,990.0,351.6,0.0,0.14400000000000002
2000,9,4,13,30,6,198,204,17,25,990.0,353.8,0.0,0.14400000000000002
2000,9,4,14,30,0,139,139,17,24,990.0,356.40000000000003,0.0,0.14400000000000002
2000,9,4,15,30,0,112,112,16,23,990.0,359.20000000000005,0.0,0.14400000000000002
2000,9,4,16,30,0,19,19,14,21,990.0,359.5,0.0,0.14400000000000002
2000,9,4,17,30,0,19,19,13,19,1000.0,357.90000000000003,0.0,0.14400000000000002
2000,9,4,18,30,0,0,0,11,17,1000.0,357.70000000000005,0.0,0.14400000000000002
2000,9,4,19,30,0,0,0,9,15,1000.0,359.8,0.0,0.14300000000000002
2000,9,4,20,30,0,0,0,7,14,1000.0,2.8000000000000003,0.0,0.14300000000000002
2000,9,4,21,30,0,0,0,6,13,1000.0,5.2,0.0,0.14300000000000002
2000,9,4,22,30,0,0,0,5,12,1000.0,7.4,0.0,0.14300000000000002
2000,9,4,23,30,0,0,0,5,11,1000.0,9.9,0.0,0.14300000000000002
2000,9,5,0,30,0,0,0,5,11,1000.0,11.100000000000001,0.0,0.14300000000000002
2000,9,5,1,30,0,0,0,4,10,1000.0,11.700000000000001,0.0,0.14300000000000002
2000,9,5,2,30,0,0,0,4,10,1000.0,11.3,0.0,0.14300000000000002
2000,9,5,3,30,0,0,0,3,9,1000.0,10.9,0.0,0.14300000000000002
2000,9,5,4,30,0,0,0,3,8,1010.0,7.800000000000001,0.0,0.14300000000000002
2000,9,5,5,30,143,10,13,3,8,1010.0,1.3,0.0,0.14300000000000002
2000,9,5,6,30,630,46,178,3,10,1010.0,6.1000000000000005,0.0,0.14300000000000002
2000,9,5,7,30,812,63,382,2,12,1010.0,16.900000000000002,0.0,0.14300000000000002
2000,9,5,8,30,901,73,572,1,14,1010.0,22.6,0.0,0.14300000000000002
2000,9,5,9,30,949,79,727,0,16,1010.0,23.1,0.0,0.14300000000000002
2000,9,5,10,30,974,82,833,0,17,1010.0,22.700000000000003,0.0,0.14300000000000002
2000,9,5,11,30,982,84,880,0,18,1010.0,20.200000000000003,0.0,0.14300000000000002
2000,9,5,12,30,978,84,866,0,19,1010.0,16.3,0.0,0.14300000000000002
2000,9,5,13,30,958,82,792,0,20,1010.0,12.700000000000001,0.0,0.14300000000000002
2000,9,5,14,30,920,77,663,0,19,1010.0,9.9,0.0,0.14300000000000002
2000,9,5,15,30,856,71,493,1,18,1010.0,7.300000000000001,0.0,0.14300000000000002
2000,9,5,16,30,726,61,295,2,17,1010.0,5.6000000000000005,0.0,0.14300000000000002
2000,9,5,17,30,453,37,98,3,14,1010.0,2.4000000000000004,0.0,0.14300000000000002
2000,9,5,18,30,0,0,0,4,11,1010.0,359.5,0.0,0.14300000000000002
2000,9,5,19,30,0,0,0,4,11,1010.0,3.1,0.0,0.14300000000000002
2000,9,5,20,30,0,0,0,4,10,1010.0,8.1,0.0,0.14300000000000002
2000,9,5,21,30,0,0,0,5,9,1010.0,11.100000000000001,0.0,0.14300000000000002
2000,9,5,22,30,0,0,0,5,9,1010.0,11.3,0.0,0.14300000000000002
2000,9,5,23,30,0,0,0,5,8,1010.0,11.5,0.0,0.14300000000000002
2000,9,6,0,30,0,0,0,5,8,1010.0,10.600000000000001,0.0,0.14300000000000002
2000,9,6,1,30,0,0,0,5,7,1010.0,10.5,0.0,0.14300000000000002
2000,9,6,2,30,0,0,0,6,7,1010.0,11.4,0.0,0.14300000000000002
2000,9,6,3,30,0,0,0,6,6,1010.0,12.4,0.0,0.14300000000000002
2000,9,6,4,30,0,0,0,6,6,1010.0,11.600000000000001,0.0,0.14300000000000002
2000,9,6,5,30,0,0,0,5,7,1010.0,10.0,0.0,0.14300000000000002
2000,9,6,6,30,560,51,167,6,9,1010.0,8.0,0.0,0.14300000000000002
2000,9,6,7,30,758,71,366,6,12,1010.0,25.8,0.0,0.14300000000000002
2000,9,6,8,30,854,83,554,5,15,1010.0,47.7,0.0,0.14300000000000002
2000,9,6,9,30,908,91,708,4,17,1010.0,43.0,0.0,0.14300000000000002
2000,9,6,10,30,939,95,815,4,19,1010.0,40.800000000000004,0.0,0.14300000000000002
2000,9,6,11,30,951,96,863,3,20,1010.0,39.900000000000006,0.0,0.14300000000000002
2000,9,6,12,30,947,95,850,3,21,1010.0,39.800000000000004,0.0,0.14300000000000002
2000,9,6,13,30,930,92,777,3,21,1010.0,40.0,0.0,0.14300000000000002
2000,9,6,14,30,893,86,650,3,21,1010.0,39.5,0.0,0.14300000000000002
2000,9,6,15,30,826,77,481,3,20,1010.0,38.300000000000004,0.0,0.14300000000000002
2000,9,6,16,30,722,59,288,3,19,1010.0,31.5,0.0,0.14300000000000002
2000,9,6,17,30,458,35,93,7,17,1010.0,57.900000000000006,0.1,0.14300000000000002
2000,9,6,18,30,0,0,0,4,15,1010.0,211.9,0.4,0.14300000000000002
2000,9,6,19,30,0,0,0,5,13,1010.0,228.5,0.5,0.14300000000000002
2000,9,6,20,30,0,0,0,5,12,1010.0,236.3,0.6000000000000001,0.14300000000000002
2000,9,6,21,30,0,0,0,6,11,1010.0,233.60000000000002,0.6000000000000001,0.14300000000000002
2000,9,6,22,30,0,0,0,6,10,1010.0,235.0,0.5,0.14300000000000002
2000,9,6,23,30,0,0,0,7,9,1010.0,238.70000000000002,0.5,0.14300000000000002
2000,9,7,0,30,0,0,0,7,9,1010.0,242.8,0.5,0.14300000000000002
2000,9,7,1,30,0,0,0,7,8,1010.0,248.5,0.4,0.14300000000000002
2000,9,7,2,30,0,0,0,7,8,1010.0,255.5,0.30000000000000004,0.14300000000000002
2000,9,7,3,30,0,0,0,7,8,1010.0,265.2,0.30000000000000004,0.14300000000000002
2000,9,7,4,30,0,0,0,7,8,1010.0,272.3,0.2,0.14300000000000002
2000,9,7,5,30,0,0,0,7,9,1010.0,279.2,0.1,0.14300000000000002
2000,9,7,6,30,66,74,87,7,11,1010.0,286.5,0.0,0.14300000000000002
2000,9,7,7,30,120,157,204,7,15,1010.0,274.40000000000003,0.0,0.14300000000000002
2000,9,7,8,30,421,197,428,5,18,1010.0,282.0,0.0,0.14300000000000002
2000,9,7,9,30,621,188,608,4,20,1010.0,282.3,0.0,0.14300000000000002
2000,9,7,10,30,630,226,707,4,21,1010.0,265.2,0.0,0.14300000000000002
2000,9,7,11,30,545,281,718,4,22,1010.0,247.8,0.0,0.14300000000000002
2000,9,7,12,30,926,105,839,4,23,1010.0,233.4,0.0,0.14300000000000002
2000,9,7,13,30,911,99,766,4,24,1010.0,223.8,0.0,0.14300000000000002
2000,9,7,14,30,874,91,640,5,24,1010.0,216.70000000000002,0.0,0.14300000000000002
2000,9,7,15,30,802,82,470,5,23,1010.0,215.8,0.0,0.14300000000000002
2000,9,7,16,30,667,67,275,6,21,1000.0,215.3,0.0,0.14300000000000002
2000,9,7,17,30,383,37,84,9,17,1000.0,214.60000000000002,0.0,0.14300000000000002
2000,9,7,18,30,0,0,0,8,14,1000.0,218.3,0.0,0.14300000000000002
2000,9,7,19,30,0,0,0,8,13,1010.0,216.5,0.0,0.14300000000000002
2000,9,7,20,30,0,0,0,9,12,1000.0,210.5,0.0,0.14300000000000002
2000,9,7,21,30,0,0,0,9,11,1000.0,210.9,0.0,0.14300000000000002
2000,9,7,22,30,0,0,0,9,11,1000.0,216.4,0.0,0.14300000000000002
2000,9,7,23,30,0,0,0,9,11,1000.0,221.4,0.0,0.14300000000000002
2000,9,8,0,30,0,0,0,9,10,1000.0,226.9,0.0,0.14300000000000002
2000,9,8,1,30,0,0,0,9,10,1000.0,230.70000000000002,0.0,0.14300000000000002
2000,9,8,2,30,0,0,0,9,9,1000.0,232.0,0.0,0.14300000000000002
2000,9,8,3,30,0,0,0,9,9,1000.0,230.4,0.0,0.14300000000000002
2000,9,8,4,30,0,0,0,8,9,1000.0,230.0,0.0,0.14300000000000002
2000,9,8,5,30,0,0,0,9,10,1000.0,232.3,0.0,0.14300000000000002
2000,9,8,6,30,541,51,160,9,12,1000.0,230.5,0.0,0.14300000000000002
2000,9,8,7,30,741,74,358,9,16,1000.0,240.0,0.0,0.14300000000000002
2000,9,8,8,30,837,88,544,9,19,1000.0,242.20000000000002,0.0,0.14300000000000002
2000,9,8,9,30,884,99,694,9,22,1000.0,239.70000000000002,0.0,0.14300000000000002
2000,9,8,10,30,901,108,793,8,24,1000.0,238.10000000000002,0.0,0.14300000000000002
2000,9,8,11,30,652,235,756,9,25,1000.0,236.60000000000002,0.0,0.14300000000000002
2000,9,8,12,30,397,333,646,9,26,1000.0,236.60000000000002,0.0,0.14300000000000002
2000,9,8,13,30,197,345,489,10,26,1000.0,237.9,0.0,0.14300000000000002
2000,9,8,14,30,187,283,399,10,25,1000.0,240.4,0.0,0.14300000000000002
2000,9,8,15,30,655,103,417,11,24,1000.0,240.4,0.0,0.14300000000000002
2000,9,8,16,30,322,104,202,12,23,1000.0,235.9,0.0,0.14300000000000002
2000,9,8,17,30,113,43,56,13,20,1000.0,229.60000000000002,0.0,0.14300000000000002
2000,9,8,18,30,0,0,0,13,18,1000.0,223.60000000000002,0.0,0.14300000000000002
2000,9,8,19,30,0,0,0,13,18,1000.0,222.5,0.0,0.14300000000000002
2000,9,8,20,30,0,0,0,13,18,1000.0,229.60000000000002,0.0,0.14300000000000002
2000,9,8,21,30,0,0,0,13,18,1000.0,241.10000000000002,0.0,0.14300000000000002
2000,9,8,22,30,0,0,0,13,17,1000.0,248.3,0.0,0.14300000000000002
2000,9,8,23,30,0,0,0,14,16,1000.0,250.8,0.0,0.14300000000000002
2000,9,9,0,30,0,0,0,14,16,1000.0,252.9,0.0,0.14300000000000002
2000,9,9,1,30,0,0,0,14,16,1000.0,255.70000000000002,0.0,0.14300000000000002
2000,9,9,2,30,0,0,0,14,15,1000.0,261.0,0.0,0.14300000000000002
2000,9,9,3,30,0,0,0,14,15,1000.0,269.3,0.0,0.14300000000000002
2000,9,9,4,30,0,0,0,14,15,1000.0,283.2,0.0,0.14300000000000002
2000,9,9,5,30,0,0,0,14,16,1000.0,298.90000000000003,0.0,0.14300000000000002
2000,9,9,6,30,0,51,51,15,18,1000.0,311.20000000000005,0.0,0.14300000000000002
2000,9,9,7,30,484,122,306,16,21,1000.0,315.20000000000005,0.0,0.14300000000000002
2000,9,9,8,30,79,231,274,17,24,1000.0,322.20000000000005,0.0,0.14300000000000002
2000,9,9,9,30,99,305,372,17,26,1000.0,306.8,0.0,0.14300000000000002
2000,9,9,10,30,62,339,386,17,27,1000.0,292.2,0.0,0.14300000000000002
2000,9,9,11,30,6,197,203,17,28,1000.0,288.6,0.0,0.14300000000000002
2000,9,9,12,30,0,124,124,17,27,1000.0,289.6,0.0,0.14300000000000002
2000,9,9,13,30,29,281,302,18,27,1000.0,292.6,0.0,0.14300000000000002
2000,9,9,14,30,0,82,82,18,26,1000.0,298.3,0.0,0.14300000000000002
2000,9,9,15,30,0,103,103,18,25,1000.0,306.0,0.0,0.14300000000000002
2000,9,9,16,30,4,102,104,18,24,1000.0,315.20000000000005,0.0,0.14300000000000002
2000,9,9,17,30,0,21,21,19,21,1000.0,325.5,0.0,0.14300000000000002
2000,9,9,18,30,0,0,0,18,19,1000.0,331.40000000000003,0.0,0.14300000000000002
2000,9,9,19,30,0,0,0,18,18,1000.0,345.8,0.0,0.14300000000000002
2000,9,9,20,30,0,0,0,17,17,1000.0,355.70000000000005,0.0,0.14300000000000002
2000,9,9,21,30,0,0,0,16,17,1000.0,5.9,0.0,0.14300000000000002
2000,9,9,22,30,0,0,0,15,16,1000.0,17.2,0.0,0.14300000000000002
2000,9,9,23,30,0,0,0,15,15,1000.0,24.5,0.0,0.14300000000000002
2000,9,10,0,30,0,0,0,14,15,1000.0,25.3,0.0,0.14300000000000002
2000,9,10,1,30,0,0,0,13,14,1000.0,24.1,0.0,0.14300000000000002
2000,9,10,2,30,0,0,0,13,13,1000.0,21.5,0.0,0.14300000000000002
2000,9,10,3,30,0,0,0,11,13,1000.0,19.200000000000003,0.0,0.14300000000000002
2000,9,10,4,30,0,0,0,11,12,1000.0,17.0,0.0,0.14300000000000002
2000,9,10,5,30,0,0,0,13,13,1000.0,16.3,0.0,0.14300000000000002
2000,9,10,6,30,524,48,150,13,15,1000.0,16.5,0.0,0.14300000000000002
2000,9,10,7,30,732,69,345,13,19,1010.0,20.700000000000003,0.0,0.14300000000000002
2000,9,10,8,30,835,80,530,13,22,1010.0,39.400000000000006,0.0,0.14300000000000002
2000,9,10,9,30,890,88,681,11,24,1010.0,36.0,0.0,0.14300000000000002
2000,9,10,10,30,913,96,783,11,25,1000.0,29.1,0.0,0.14300000000000002
2000,9,10,11,30,923,98,829,10,26,1000.0,28.5,0.0,0.14300000000000002
2000,9,10,12,30,919,98,814,10,27,1000.0,35.300000000000004,0.0,0.14300000000000002
2000,9,10,13,30,893,98,740,10,28,1000.0,47.300000000000004,0.0,0.14300000000000002
2000,9,10,14,30,851,91,613,10,28,1000.0,53.400000000000006,0.0,0.14300000000000002
2000,9,10,15,30,776,80,444,10,27,1000.0,72.0,0.0,0.14300000000000002
2000,9,10,16,30,634,64,252,11,25,1000.0,216.60000000000002,0.0,0.14300000000000002
2000,9,10,17,30,325,33,68,13,22,1000.0,236.8,0.2,0.14300000000000002
2000,9,10,18,30,0,0,0,11,19,1000.0,167.9,0.4,0.14300000000000002
2000,9,10,19,30,0,0,0,12,17,1000.0,151.1,0.30000000000000004,0.14300000000000002
2000,9,10,20,30,0,0,0,12,16,1010.0,149.5,0.0,0.14300000000000002
2000,9,10,21,30,0,0,0,13,15,1010.0,158.10000000000002,0.0,0.14300000000000002
2000,9,10,22,30,0,0,0,13,14,1010.0,165.10000000000002,0.0,0.14300000000000002
2000,9,10,23,30,0,0,0,13,14,1010.0,170.5,0.0,0.14300000000000002
2000,9,11,0,30,0,0,0,13,14,1010.0,177.8,0.0,0.14300000000000002
2000,9,11,1,30,0,0,0,13,13,1000.0,175.5,0.1,0.14300000000000002
2000,9,11,2,30,0,0,0,11,13,1000.0,174.70000000000002,0.2,0.14300000000000002
2000,9,11,3,30,0,0,0,11,13,1000.0,171.8,0.2,0.14300000000000002
2000,9,11,4,30,0,0,0,11,13,1010.0,168.3,0.2,0.14300000000000002
2000,9,11,5,30,0,0,0,13,14,1010.0,164.70000000000002,0.1,0.14300000000000002
2000,9,11,6,30,335,67,131,14,16,1010.0,162.60000000000002,0.0,0.14300000000000002
2000,9,11,7,30,22,136,144,14,18,1010.0,163.9,0.0,0.14300000000000002
2000,9,11,8,30,194,233,337,13,21,1010.0,173.9,0.0,0.14300000000000002
2000,9,11,9,30,361,274,513,12,24,1000.0,173.0,0.0,0.14300000000000002
2000,9,11,10,30,413,305,615,13,25,1000.0,170.5,0.0,0.14300000000000002
2000,9,11,11,30,688,220,762,13,26,1000.0,172.4,0.0,0.14300000000000002
2000,9,11,12,30,376,334,626,13,27,1000.0,175.20000000000002,0.0,0.14300000000000002
2000,9,11,13,30,448,272,592,13,27,1000.0,177.3,0.0,0.14300000000000002
2000,9,11,14,30,425,228,486,12,26,1000.0,178.20000000000002,0.0,0.14300000000000002
2000,9,11,15,30,551,142,397,12,25,1000.0,178.4,0.0,0.14300000000000002
2000,9,11,16,30,202,108,167,12,23,1000.0,177.4,0.0,0.14300000000000002
2000,9,11,17,30,43,35,40,12,21,1000.0,174.60000000000002,0.0,0.14300000000000002
2000,9,11,18,30,0,0,0,12,19,1000.0,171.60000000000002,0.0,0.14300000000000002
2000,9,11,19,30,0,0,0,11,18,1000.0,169.20000000000002,0.0,0.14300000000000002
2000,9,11,20,30,0,0,0,12,17,1000.0,166.0,0.0,0.14300000000000002
2000,9,11,21,30,0,0,0,13,16,1000.0,165.60000000000002,0.0,0.14300000000000002
2000,9,11,22,30,0,0,0,14,16,1000.0,163.8,0.0,0.14300000000000002
2000,9,11,23,30,0,0,0,15,16,1000.0,162.0,0.0,0.14300000000000002
2000,9,12,0,30,0,0,0,15,16,1000.0,162.0,0.0,0.14300000000000002
2000,9,12,1,30,0,0,0,16,17,1000.0,165.3,0.0,0.14300000000000002
2000,9,12,2,30,0,0,0,16,17,1000.0,166.20000000000002,0.0,0.14300000000000002
2000,9,12,3,30,0,0,0,16,17,1000.0,170.0,0.0,0.14300000000000002
2000,9,12,4,30,0,0,0,16,17,1000.0,174.10000000000002,0.0,0.14300000000000002
2000,9,12,5,30,0,0,0,16,17,1000.0,175.3,0.0,0.14300000000000002
2000,9,12,6,30,0,4,4,17,18,1000.0,170.70000000000002,0.0,0.14300000000000002
2000,9,12,7,30,0,83,83,18,20,1000.0,174.20000000000002,0.0,0.14300000000000002
2000,9,12,8,30,220,229,346,18,22,1000.0,186.8,0.0,0.14300000000000002
2000,9,12,9,30,125,304,387,18,24,1000.0,192.8,0.0,0.14300000000000002
2000,9,12,10,30,14,247,258,17,25,1000.0,197.3,0.0,0.14300000000000002
2000,9,12,11,30,127,379,479,17,26,1000.0,199.0,0.0,0.14300000000000002
2000,9,12,12,30,6,193,197,17,27,1000.0,198.70000000000002,0.0,0.14300000000000002
2000,9,12,13,30,26,271,290,17,27,1000.0,196.9,0.0,0.14300000000000002
2000,9,12,14,30,37,241,264,18,26,1000.0,195.60000000000002,0.0,0.14300000000000002
2000,9,12,15,30,0,136,136,18,25,1000.0,195.10000000000002,0.0,0.14300000000000002
2000,9,12,16,30,168,108,156,18,24,1000.0,193.20000000000002,0.0,0.14300000000000002
2000,9,12,17,30,55,34,40,19,22,1000.0,188.20000000000002,0.0,0.14300000000000002
2000,9,12,18,30,0,0,0,19,21,1000.0,184.5,0.0,0.14300000000000002
2000,9,12,19,30,0,0,0,19,20,1000.0,186.3,0.0,0.17
2000,9,12,20,30,0,0,0,19,20,1000.0,190.4,0.0,0.17
2000,9,12,21,30,0,0,0,19,20,990.0,193.9,0.0,0.17
2000,9,12,22,30,0,0,0,19,20,990.0,197.10000000000002,0.0,0.17
2000,9,12,23,30,0,0,0,19,20,990.0,202.4,0.0,0.17
2000,9,13,0,30,0,0,0,19,20,990.0,206.10000000000002,0.0,0.17
2000,9,13,1,30,0,0,0,19,20,990.0,209.4,0.0,0.17
2000,9,13,2,30,0,0,0,19,20,990.0,211.10000000000002,0.0,0.17
2000,9,13,3,30,0,0,0,19,20,990.0,214.3,0.0,0.17
2000,9,13,4,30,0,0,0,19,19,990.0,234.4,0.0,0.17
2000,9,13,5,30,0,0,0,18,19,990.0,267.7,0.0,0.17
2000,9,13,6,30,0,39,39,18,19,990.0,279.6,0.0,0.17
2000,9,13,7,30,288,136,242,18,19,990.0,296.6,0.0,0.17
2000,9,13,8,30,519,163,437,18,19,1000.0,318.90000000000003,0.0,0.17
2000,9,13,9,30,163,304,412,17,21,1000.0,330.3,0.0,0.17
2000,9,13,10,30,201,354,503,16,24,1000.0,339.3,0.0,0.17
2000,9,13,11,30,867,110,786,14,25,1000.0,338.90000000000003,0.0,0.17
2000,9,13,12,30,880,103,778,13,26,990.0,332.3,0.0,0.17
2000,9,13,13,30,871,95,710,13,26,990.0,327.1,0.0,0.17
2000,9,13,14,30,840,86,588,12,25,990.0,325.70000000000005,0.0,0.17
2000,9,13,15,30,773,74,424,12,24,1000.0,327.8,0.0,0.17
2000,9,13,16,30,616,61,233,12,22,1000.0,329.90000000000003,0.0,0.17
2000,9,13,17,30,294,29,55,13,19,1000.0,330.20000000000005,0.0,0.17
2000,9,13,18,30,0,0,0,12,17,1000.0,331.1,0.0,0.17
2000,9,13,19,30,0,0,0,12,16,1000.0,335.8,0.0,0.17
2000,9,13,20,30,0,0,0,13,15,1000.0,339.6,0.0,0.17
2000,9,13,21,30,0,0,0,13,14,1000.0,348.1,0.0,0.17
2000,9,13,22,30,0,0,0,13,14,1000.0,358.5,0.0,0.17
2000,9,13,23,30,0,0,0,12,13,1000.0,9.5,0.1,0.17
2000,9,14,0,30,0,0,0,11,13,1000.0,23.200000000000003,0.2,0.17
2000,9,14,1,30,0,0,0,11,12,1000.0,33.300000000000004,0.30000000000000004,0.17
2000,9,14,2,30,0,0,0,11,12,1000.0,40.7,0.4,0.17
2000,9,14,3,30,0,0,0,11,12,1000.0,44.2,0.5,0.17
2000,9,14,4,30,0,0,0,11,11,1000.0,49.800000000000004,0.5,0.17
2000,9,14,5,30,0,0,0,11,12,1000.0,54.800000000000004,0.30000000000000004,0.17
2000,9,14,6,30,497,46,136,12,15,1000.0,58.2,0.0,0.17
2000,9,14,7,30,711,68,327,12,18,1000.0,83.7,0.0,0.17
2000,9,14,8,30,814,82,509,9,21,1000.0,129.5,0.0,0.17
2000,9,14,9,30,864,93,656,9,23,1000.0,148.3,0.0,0.17
2000,9,14,10,30,891,99,756,9,24,1000.0,161.60000000000002,0.0,0.17
2000,9,14,11,30,896,103,798,9,25,1000.0,168.5,0.0,0.17
2000,9,14,12,30,886,105,780,9,25,1000.0,171.3,0.0,0.17
2000,9,14,13,30,404,284,567,9,25,1000.0,172.9,0.0,0.17
2000,9,14,14,30,84,261,311,10,24,1000.0,176.8,0.0,0.17
2000,9,14,15,30,736,83,412,10,23,1000.0,180.4,0.0,0.17
2000,9,14,16,30,564,68,222,10,22,990.0,177.9,0.0,0.17
2000,9,14,17,30,231,29,49,11,19,990.0,171.9,0.0,0.17
2000,9,14,18,30,0,0,0,11,17,990.0,168.20000000000002,0.0,0.17
2000,9,14,19,30,0,0,0,11,16,990.0,165.8,0.0,0.17
2000,9,14,20,30,0,0,0,11,15,990.0,162.20000000000002,0.0,0.17
2000,9,14,21,30,0,0,0,12,14,990.0,159.0,0.0,0.17
2000,9,14,22,30,0,0,0,13,14,990.0,153.60000000000002,0.0,0.17
2000,9,14,23,30,0,0,0,13,14,990.0,146.3,0.0,0.17
2000,9,15,0,30,0,0,0,14,14,990.0,139.5,0.0,0.17
2000,9,15,1,30,0,0,0,14,15,990.0,137.0,0.0,0.17
2000,9,15,2,30,0,0,0,15,15,990.0,135.5,0.0,0.17
2000,9,15,3,30,0,0,0,15,16,990.0,142.6,0.0,0.17
2000,9,15,4,30,0,0,0,16,16,990.0,146.1,0.0,0.17
2000,9,15,5,30,0,0,0,16,17,990.0,121.60000000000001,0.0,0.17
2000,9,15,6,30,0,30,30,17,17,980.0,137.20000000000002,0.0,0.17
2000,9,15,7,30,0,84,84,18,18,980.0,172.0,0.0,0.17
2000,9,15,8,30,7,170,174,19,19,980.0,198.70000000000002,0.0,0.17
2000,9,15,9,30,0,153,153,19,19,980.0,232.0,0.0,0.17
2000,9,15,10,30,5,184,188,18,19,980.0,257.5,0.0,0.17
2000,9,15,11,30,0,132,132,16,20,980.0,265.0,0.0,0.17
2000,9,15,12,30,75,349,405,15,20,980.0,250.9,0.0,0.17
2000,9,15,13,30,679,195,667,14,21,980.0,253.5,0.0,0.17
2000,9,15,14,30,658,164,551,13,20,980.0,260.3,0.0,0.17
2000,9,15,15,30,172,186,262,12,19,980.0,270.0,0.0,0.17
2000,9,15,16,30,583,65,222,11,18,990.0,278.8,0.0,0.17
2000,9,15,17,30,273,26,47,11,16,990.0,286.90000000000003,0.0,0.17
2000,9,15,18,30,0,0,0,11,14,990.0,294.0,0.0,0.17
2000,9,15,19,30,0,0,0,11,13,990.0,296.3,0.0,0.17
2000,9,15,20,30,0,0,0,10,12,990.0,295.1,0.0,0.17
2000,9,15,21,30,0,0,0,10,11,990.0,293.3,0.0,0.17
2000,9,15,22,30,0,0,0,9,11,990.0,291.40000000000003,0.0,0.17
2000,9,15,23,30,0,0,0,9,10,990.0,290.8,0.0,0.17
2000,9,16,0,30,0,0,0,9,10,990.0,291.6,0.0,0.17
2000,9,16,1,30,0,0,0,9,9,990.0,294.2,0.0,0.17
2000,9,16,2,30,0,0,0,8,9,990.0,296.40000000000003,0.0,0.17
2000,9,16,3,30,0,0,0,8,9,990.0,297.90000000000003,0.0,0.17
2000,9,16,4,30,0,0,0,8,8,990.0,296.7,0.0,0.17
2000,9,16,5,30,0,0,0,7,8,990.0,294.2,0.0,0.17
2000,9,16,6,30,528,42,134,7,10,990.0,299.5,0.0,0.17
2000,9,16,7,30,756,61,331,6,13,990.0,314.3,0.0,0.17
2000,9,16,8,30,863,71,518,5,15,990.0,317.70000000000005,0.0,0.17
2000,9,16,9,30,919,78,671,4,16,990.0,311.8,0.0,0.17
2000,9,16,10,30,944,84,773,3,17,990.0,305.90000000000003,0.0,0.17
2000,9,16,11,30,950,88,816,3,18,990.0,300.0,0.0,0.17
2000,9,16,12,30,940,89,798,3,18,990.0,294.2,0.0,0.17
2000,9,16,13,30,153,326,432,4,18,990.0,290.40000000000003,0.0,0.17
2000,9,16,14,30,76,253,297,4,18,990.0,288.3,0.0,0.17
2000,9,16,15,30,774,77,416,4,17,990.0,287.90000000000003,0.0,0.17
2000,9,16,16,30,5,90,91,4,15,990.0,288.8,0.0,0.17
2000,9,16,17,30,260,25,44,5,14,990.0,289.40000000000003,0.0,0.17
2000,9,16,18,30,0,0,0,5,12,990.0,292.0,0.0,0.17
2000,9,16,19,30,0,0,0,5,11,1000.0,295.1,0.0,0.17
2000,9,16,20,30,0,0,0,5,10,1000.0,292.3,0.0,0.17
2000,9,16,21,30,0,0,0,5,9,1000.0,286.40000000000003,0.0,0.17
2000,9,16,22,30,0,0,0,5,9,1000.0,281.1,0.0,0.17
2000,9,16,23,30,0,0,0,5,8,1000.0,274.2,0.0,0.17
2000,9,17,0,30,0,0,0,5,8,1000.0,263.3,0.0,0.17
2000,9,17,1,30,0,0,0,5,7,1000.0,252.0,0.0,0.17
2000,9,17,2,30,0,0,0,5,7,1000.0,250.5,0.0,0.17
2000,9,17,3,30,0,0,0,5,7,1000.0,252.3,0.0,0.17
2000,9,17,4,30,0,0,0,5,7,1000.0,255.20000000000002,0.0,0.17
2000,9,17,5,30,0,0,0,5,7,1000.0,256.2,0.0,0.17
2000,9,17,6,30,452,48,126,5,9,1000.0,243.9,0.0,0.17
2000,9,17,7,30,685,73,315,5,12,1000.0,247.20000000000002,0.0,0.17
2000,9,17,8,30,783,90,493,5,15,1000.0,261.40000000000003,0.0,0.17
2000,9,17,9,30,830,104,636,5,17,1000.0,261.0,0.0,0.17
2000,9,17,10,30,870,105,737,5,18,1000.0,253.60000000000002,0.0,0.17
2000,9,17,11,30,888,105,782,5,19,1000.0,244.20000000000002,0.0,0.17
2000,9,17,12,30,886,102,766,6,20,1000.0,239.60000000000002,0.0,0.17
2000,9,17,13,30,865,98,691,6,20,1000.0,238.10000000000002,0.0,0.17
2000,9,17,14,30,814,93,563,6,20,1000.0,236.5,0.0,0.17
2000,9,17,15,30,719,84,394,7,19,1000.0,235.60000000000002,0.0,0.17
2000,9,17,16,30,547,65,206,7,18,1000.0,233.4,0.0,0.17
2000,9,17,17,30,189,24,37,8,17,1000.0,229.3,0.0,0.17
2000,9,17,18,30,0,0,0,8,15,1000.0,223.60000000000002,0.0,0.17
2000,9,17,19,30,0,0,0,8,13,1000.0,216.9,0.0,0.17
2000,9,17,20,30,0,0,0,8,13,1000.0,211.70000000000002,0.0,0.17
2000,9,17,21,30,0,0,0,8,12,1000.0,215.3,0.0,0.17
2000,9,17,22,30,0,0,0,8,12,1000.0,221.8,0.0,0.17
2000,9,17,23,30,0,0,0,8,12,1000.0,230.8,0.0,0.17
2000,9,18,0,30,0,0,0,8,11,1000.0,249.10000000000002,0.0,0.17
2000,9,18,1,30,0,0,0,8,10,1000.0,262.7,0.0,0.17
2000,9,18,2,30,0,0,0,8,10,1000.0,267.3,0.0,0.17
2000,9,18,3,30,0,0,0,8,9,1000.0,265.0,0.0,0.17
2000,9,18,4,30,0,0,0,8,9,1000.0,266.7,0.0,0.17
2000,9,18,5,30,0,0,0,8,10,1000.0,272.5,0.0,0.17
2000,9,18,6,30,368,54,116,8,12,1000.0,276.2,0.0,0.17
2000,9,18,7,30,616,86,302,9,16,1000.0,256.5,0.0,0.17
2000,9,18,8,30,747,101,482,10,19,1000.0,290.5,0.0,0.17
2000,9,18,9,30,818,109,630,10,21,1000.0,286.90000000000003,0.0,0.17
2000,9,18,10,30,860,111,732,10,22,1000.0,272.2,0.0,0.17
2000,9,18,11,30,869,115,774,10,23,1000.0,264.6,0.0,0.17
2000,9,18,12,30,281,343,553,11,23,1000.0,262.5,0.0,0.17
2000,9,18,13,30,454,255,565,11,24,1000.0,260.5,0.0,0.17
2000,9,18,14,30,786,102,552,11,23,1000.0,257.2,0.0,0.17
2000,9,18,15,30,631,95,363,11,22,1000.0,255.20000000000002,0.0,0.17
2000,9,18,16,30,220,90,146,12,20,1000.0,249.8,0.1,0.17
2000,9,18,17,30,36,22,24,14,18,1000.0,242.8,0.2,0.17
2000,9,18,18,30,0,0,0,13,16,1000.0,234.70000000000002,0.1,0.17
2000,9,18,19,30,0,0,0,13,16,1000.0,228.20000000000002,0.0,0.17
2000,9,18,20,30,0,0,0,13,15,1000.0,217.9,0.0,0.17
2000,9,18,21,30,0,0,0,13,15,1000.0,213.10000000000002,0.0,0.17
2000,9,18,22,30,0,0,0,13,14,1000.0,207.70000000000002,0.0,0.17
2000,9,18,23,30,0,0,0,13,14,1000.0,203.70000000000002,0.0,0.17
2000,9,19,0,30,0,0,0,14,14,1000.0,200.8,0.0,0.17
2000,9,19,1,30,0,0,0,13,14,1000.0,202.60000000000002,0.0,0.17
2000,9,19,2,30,0,0,0,13,13,1000.0,205.4,0.0,0.17
2000,9,19,3,30,0,0,0,13,13,1000.0,206.20000000000002,0.0,0.17
2000,9,19,4,30,0,0,0,11,13,1000.0,206.70000000000002,0.0,0.17
2000,9,19,5,30,0,0,0,13,13,1000.0,204.9,0.0,0.17
2000,9,19,6,30,103,58,75,14,15,1000.0,197.20000000000002,0.0,0.17
2000,9,19,7,30,414,109,253,15,17,1000.0,174.5,0.0,0.17
2000,9,19,8,30,217,216,326,15,18,1000.0,169.10000000000002,0.0,0.17
2000,9,19,9,30,426,242,512,14,20,1000.0,175.8,0.0,0.17
2000,9,19,10,30,188,341,476,12,21,1000.0,177.9,0.0,0.17
2000,9,19,11,30,856,108,753,12,22,1000.0,174.60000000000002,0.0,0.17
2000,9,19,12,30,103,349,426,13,22,1000.0,161.9,0.0,0.17
2000,9,19,13,30,190,310,439,14,23,1000.0,143.4,0.0,0.17
2000,9,19,14,30,32,221,239,16,23,1000.0,130.9,0.0,0.17
2000,9,19,15,30,28,158,170,17,22,1000.0,121.60000000000001,0.0,0.17
2000,9,19,16,30,0,78,78,18,20,1000.0,117.7,0.0,0.17
2000,9,19,17,30,0,12,12,18,19,990.0,110.60000000000001,0.0,0.17
2000,9,19,18,30,0,0,0,18,18,990.0,100.80000000000001,0.0,0.17
2000,9,19,19,30,0,0,0,17,18,990.0,89.7,0.0,0.17
2000,9,19,20,30,0,0,0,17,18,990.0,72.4,0.0,0.17
2000,9,19,21,30,0,0,0,17,18,990.0,64.2,0.0,0.17
2000,9,19,22,30,0,0,0,17,17,990.0,76.10000000000001,0.0,0.17
2000,9,19,23,30,0,0,0,17,17,990.0,87.60000000000001,0.0,0.17
2000,9,20,0,30,0,0,0,16,17,990.0,63.300000000000004,0.1,0.17
2000,9,20,1,30,0,0,0,16,17,990.0,37.1,0.1,0.17
2000,9,20,2,30,0,0,0,16,17,990.0,23.0,0.0,0.17
2000,9,20,3,30,0,0,0,16,16,990.0,358.70000000000005,0.0,0.17
2000,9,20,4,30,0,0,0,16,16,990.0,303.2,0.0,0.17
2000,9,20,5,30,0,0,0,16,16,990.0,294.1,0.0,0.17
2000,9,20,6,30,17,55,58,16,16,990.0,291.40000000000003,0.0,0.17
2000,9,20,7,30,432,105,254,17,18,990.0,294.3,0.0,0.17
2000,9,20,8,30,762,83,467,18,20,990.0,309.0,0.0,0.17
2000,9,20,9,30,824,94,613,18,22,990.0,321.40000000000003,0.0,0.17
2000,9,20,10,30,856,101,712,18,25,990.0,328.20000000000005,0.0,0.17
2000,9,20,11,30,880,100,760,17,26,990.0,321.1,0.0,0.17
2000,9,20,12,30,885,97,747,17,27,990.0,300.1,0.0,0.17
2000,9,20,13,30,865,94,674,16,27,990.0,275.3,0.0,0.17
2000,9,20,14,30,814,89,547,16,27,990.0,259.3,0.0,0.17
2000,9,20,15,30,722,80,380,15,26,990.0,246.60000000000002,0.0,0.17
2000,9,20,16,30,547,61,192,16,23,990.0,232.10000000000002,0.0,0.17
2000,9,20,17,30,159,19,27,16,19,990.0,219.60000000000002,0.0,0.17
2000,9,20,18,30,0,0,0,15,18,990.0,213.10000000000002,0.0,0.17
2000,9,20,19,30,0,0,0,15,18,990.0,207.60000000000002,0.0,0.165
2000,9,20,20,30,0,0,0,15,17,990.0,208.0,0.0,0.165
2000,9,20,21,30,0,0,0,15,17,990.0,213.4,0.0,0.165
2000,9,20,22,30,0,0,0,15,16,990.0,218.3,0.0,0.165
2000,9,20,23,30,0,0,0,15,16,990.0,217.60000000000002,0.0,0.165
2000,9,21,0,30,0,0,0,15,15,990.0,212.5,0.0,0.165
2000,9,21,1,30,0,0,0,15,15,990.0,207.5,0.0,0.165
2000,9,21,2,30,0,0,0,15,15,990.0,200.9,0.0,0.165
2000,9,21,3,30,0,0,0,15,16,990.0,192.4,0.0,0.165
2000,9,21,4,30,0,0,0,15,16,990.0,188.0,0.0,0.165
2000,9,21,5,30,0,0,0,16,16,990.0,191.70000000000002,0.0,0.165
2000,9,21,6,30,0,33,33,16,18,990.0,196.3,0.0,0.165
2000,9,21,7,30,0,82,82,17,21,990.0,219.60000000000002,0.0,0.165
2000,9,21,8,30,0,94,94,17,22,990.0,249.0,0.0,0.165
2000,9,21,9,30,143,288,378,16,22,990.0,272.7,0.0,0.165
2000,9,21,10,30,748,160,691,14,22,990.0,286.40000000000003,0.0,0.165
2000,9,21,11,30,440,294,622,11,22,990.0,293.8,0.0,0.165
2000,9,21,12,30,511,258,631,9,22,990.0,294.40000000000003,0.0,0.165
2000,9,21,13,30,104,307,377,8,22,990.0,293.40000000000003,0.0,0.165
2000,9,21,14,30,850,84,557,8,21,990.0,288.5,0.0,0.165
2000,9,21,15,30,758,74,384,8,20,990.0,284.3,0.0,0.165
2000,9,21,16,30,578,56,192,9,19,990.0,281.40000000000003,0.0,0.165
2000,9,21,17,30,162,18,25,9,18,990.0,279.40000000000003,0.0,0.165
2000,9,21,18,30,0,0,0,9,16,990.0,283.8,0.0,0.165
2000,9,21,19,30,0,0,0,9,15,990.0,293.3,0.0,0.165
2000,9,21,20,30,0,0,0,9,13,1000.0,302.1,0.0,0.165
2000,9,21,21,30,0,0,0,9,13,1000.0,304.5,0.0,0.165
2000,9,21,22,30,0,0,0,9,12,1000.0,300.6,0.0,0.165
2000,9,21,23,30,0,0,0,8,12,1000.0,296.2,0.0,0.165
2000,9,22,0,30,0,0,0,7,11,1000.0,293.40000000000003,0.0,0.165
2000,9,22,1,30,0,0,0,7,11,1000.0,291.2,0.0,0.165
2000,9,22,2,30,0,0,0,7,10,1000.0,292.7,0.0,0.165
2000,9,22,3,30,0,0,0,7,10,1000.0,295.6,0.0,0.165
2000,9,22,4,30,0,0,0,7,9,1000.0,297.8,0.0,0.165
2000,9,22,5,30,0,0,0,7,9,1000.0,298.6,0.0,0.165
2000,9,22,6,30,458,43,114,7,11,1000.0,287.5,0.0,0.165
2000,9,22,7,30,698,68,303,7,14,1000.0,305.8,0.0,0.165
2000,9,22,8,30,812,82,484,7,16,1000.0,318.70000000000005,0.0,0.165
2000,9,22,9,30,127,284,364,6,17,1000.0,315.20000000000005,0.0,0.165
2000,9,22,10,30,261,324,509,6,18,1000.0,309.8,0.0,0.165
2000,9,22,11,30,394,313,605,6,19,1000.0,303.7,0.0,0.165
2000,9,22,12,30,190,346,484,6,20,1000.0,298.90000000000003,0.0,0.165
2000,9,22,13,30,891,89,678,6,20,1000.0,295.1,0.0,0.165
2000,9,22,14,30,842,83,547,6,20,1000.0,291.1,0.0,0.165
2000,9,22,15,30,756,71,377,7,19,1000.0,287.2,0.0,0.165
2000,9,22,16,30,577,53,186,7,17,1000.0,284.5,0.2,0.165
2000,9,22,17,30,158,15,21,9,14,1000.0,280.8,0.4,0.165
2000,9,22,18,30,0,0,0,9,12,1000.0,283.3,0.4,0.165
2000,9,22,19,30,0,0,0,8,12,1000.0,297.3,0.4,0.165
2000,9,22,20,30,0,0,0,8,12,1000.0,300.3,0.6000000000000001,0.165
2000,9,22,21,30,0,0,0,8,12,1000.0,306.0,0.5,0.165
2000,9,22,22,30,0,0,0,8,12,1000.0,303.1,0.4,0.165
2000,9,22,23,30,0,0,0,7,12,1000.0,288.7,0.30000000000000004,0.165
2000,9,23,0,30,0,0,0,7,11,1000.0,293.7,0.4,0.165
2000,9,23,1,30,0,0,0,7,11,1000.0,313.3,0.30000000000000004,0.165
2000,9,23,2,30,0,0,0,7,11,1000.0,341.90000000000003,0.1,0.165
2000,9,23,3,30,0,0,0,8,11,1000.0,116.5,0.2,0.165
2000,9,23,4,30,0,0,0,8,10,1000.0,132.1,0.5,0.165
2000,9,23,5,30,0,0,0,8,10,1000.0,142.20000000000002,0.4,0.165
2000,9,23,6,30,0,47,47,9,12,1000.0,144.6,0.1,0.165
2000,9,23,7,30,91,132,163,9,15,1000.0,156.3,0.0,0.165
2000,9,23,8,30,29,188,202,9,18,1000.0,178.20000000000002,0.0,0.165
2000,9,23,9,30,19,225,237,9,19,1000.0,181.9,0.0,0.165
2000,9,23,10,30,24,266,283,10,20,1000.0,185.20000000000002,0.0,0.165
2000,9,23,11,30,12,235,244,11,20,1000.0,186.9,0.0,0.165
2000,9,23,12,30,0,147,147,12,20,1000.0,185.60000000000002,0.0,0.165
2000,9,23,13,30,13,222,231,13,19,1000.0,183.60000000000002,0.0,0.165
2000,9,23,14,30,42,220,243,14,19,1000.0,181.70000000000002,0.0,0.165
2000,9,23,15,30,5,135,137,14,18,1000.0,180.8,0.0,0.165
2000,9,23,16,30,0,43,43,15,17,1000.0,179.9,0.0,0.165
2000,9,23,17,30,0,3,3,15,16,1000.0,177.3,0.0,0.165
2000,9,23,18,30,0,0,0,15,16,1000.0,176.60000000000002,0.0,0.165
2000,9,23,19,30,0,0,0,15,16,1000.0,181.4,0.0,0.165
2000,9,23,20,30,0,0,0,15,16,1000.0,186.9,0.0,0.165
2000,9,23,21,30,0,0,0,16,16,1000.0,191.10000000000002,0.0,0.165
2000,9,23,22,30,0,0,0,16,16,990.0,192.0,0.0,0.165
2000,9,23,23,30,0,0,0,16,17,990.0,189.3,0.0,0.165
2000,9,24,0,30,0,0,0,16,17,990.0,187.9,0.0,0.165
2000,9,24,1,30,0,0,0,16,16,990.0,182.4,0.0,0.165
2000,9,24,2,30,0,0,0,16,16,990.0,179.4,0.0,0.165
2000,9,24,3,30,0,0,0,16,16,990.0,193.20000000000002,0.0,0.165
2000,9,24,4,30,0,0,0,15,16,990.0,215.5,0.0,0.165
2000,9,24,5,30,0,0,0,15,16,990.0,216.70000000000002,0.0,0.165
2000,9,24,6,30,0,5,5,16,17,990.0,211.60000000000002,0.0,0.165
2000,9,24,7,30,0,108,108,18,19,990.0,210.4,0.0,0.165
2000,9,24,8,30,0,77,77,19,21,990.0,242.3,0.0,0.165
2000,9,24,9,30,0,116,116,18,22,990.0,268.3,0.0,0.165
2000,9,24,10,30,3,175,177,18,23,990.0,284.7,0.0,0.165
2000,9,24,11,30,142,352,456,17,23,990.0,296.6,0.0,0.165
2000,9,24,12,30,292,326,535,16,23,990.0,311.6,0.0,0.165
2000,9,24,13,30,7,198,203,15,22,990.0,322.1,0.0,0.165
2000,9,24,14,30,0,88,88,14,20,990.0,326.1,0.0,0.165
2000,9,24,15,30,0,113,113,13,19,990.0,328.40000000000003,0.0,0.165
2000,9,24,16,30,0,5,5,12,18,990.0,329.20000000000005,0.0,0.165
2000,9,24,17,30,0,0,0,12,16,990.0,332.90000000000003,0.0,0.165
2000,9,24,18,30,0,0,0,11,15,990.0,330.90000000000003,0.0,0.165
2000,9,24,19,30,0,0,0,11,14,990.0,331.6,0.0,0.165
2000,9,24,20,30,0,0,0,10,13,990.0,340.0,0.0,0.165
2000,9,24,21,30,0,0,0,9,12,990.0,349.6,0.0,0.165
2000,9,24,22,30,0,0,0,8,11,990.0,355.70000000000005,0.0,0.165
2000,9,24,23,30,0,0,0,8,10,990.0,358.1,0.0,0.165
2000,9,25,0,30,0,0,0,7,9,990.0,359.1,0.0,0.165
2000,9,25,1,30,0,0,0,6,8,990.0,351.8,0.0,0.165
2000,9,25,2,30,0,0,0,6,7,990.0,338.90000000000003,0.0,0.165
2000,9,25,3,30,0,0,0,6,7,1000.0,329.8,0.0,0.165
2000,9,25,4,30,0,0,0,5,6,1000.0,326.5,0.0,0.165
2000,9,25,5,30,0,0,0,5,6,1000.0,323.90000000000003,0.0,0.165
2000,9,25,6,30,475,38,107,4,8,1000.0,325.0,0.0,0.165
2000,9,25,7,30,727,61,297,3,10,1000.0,341.40000000000003,0.0,0.165
2000,9,25,8,30,841,72,480,1,12,1000.0,351.20000000000005,0.0,0.165
2000,9,25,9,30,901,80,629,0,13,1000.0,346.90000000000003,0.0,0.165
2000,9,25,10,30,600,209,624,0,14,1000.0,344.6,0.0,0.165
2000,9,25,11,30,628,215,672,0,15,1000.0,341.5,0.0,0.165
2000,9,25,12,30,703,177,676,0,16,1000.0,334.0,0.0,0.165
2000,9,25,13,30,254,291,455,0,15,1000.0,340.1,0.0,0.165
2000,9,25,14,30,56,223,253,0,15,1000.0,357.20000000000005,0.0,0.165
2000,9,25,15,30,10,136,140,0,14,1000.0,6.9,0.0,0.165
2000,9,25,16,30,22,75,80,2,13,1000.0,14.100000000000001,0.0,0.165
2000,9,25,17,30,0,6,6,4,11,1000.0,18.7,0.0,0.165
2000,9,25,18,30,0,0,0,2,11,1000.0,31.700000000000003,0.0,0.165
2000,9,25,19,30,0,0,0,3,10,1000.0,40.900000000000006,0.0,0.165
2000,9,25,20,30,0,0,0,3,9,1000.0,46.5,0.0,0.165
2000,9,25,21,30,0,0,0,4,9,1000.0,46.0,0.0,0.165
2000,9,25,22,30,0,0,0,4,8,1000.0,36.1,0.0,0.165
2000,9,25,23,30,0,0,0,5,8,1000.0,34.0,0.0,0.165
2000,9,26,0,30,0,0,0,5,7,1000.0,29.8,0.0,0.165
2000,9,26,1,30,0,0,0,6,7,1000.0,26.200000000000003,0.0,0.165
2000,9,26,2,30,0,0,0,6,7,1000.0,23.6,0.0,0.165
2000,9,26,3,30,0,0,0,6,7,1000.0,22.8,0.0,0.165
2000,9,26,4,30,0,0,0,6,7,1000.0,16.6,0.0,0.165
2000,9,26,5,30,0,0,0,6,7,1000.0,23.200000000000003,0.0,0.165
2000,9,26,6,30,0,9,9,7,7,1000.0,13.200000000000001,0.0,0.165
2000,9,26,7,30,0,79,79,7,9,1000.0,23.0,0.0,0.165
2000,9,26,8,30,0,131,131,8,10,1000.0,42.1,0.0,0.165
2000,9,26,9,30,0,118,118,8,11,1000.0,50.300000000000004,0.0,0.165
2000,9,26,10,30,0,93,93,8,12,1000.0,53.300000000000004,0.0,0.165
2000,9,26,11,30,6,199,204,7,13,1000.0,55.1,0.0,0.165
2000,9,26,12,30,13,235,245,7,13,1000.0,47.7,0.0,0.165
2000,9,26,13,30,2,173,174,8,13,1000.0,38.7,0.0,0.165
2000,9,26,14,30,4,169,171,8,12,1000.0,26.400000000000002,0.0,0.165
2000,9,26,15,30,0,5,5,8,12,1000.0,14.5,0.0,0.165
2000,9,26,16,30,0,62,62,9,11,1000.0,6.6000000000000005,0.0,0.165
2000,9,26,17,30,0,0,0,9,10,1000.0,6.7,0.0,0.165
2000,9,26,18,30,0,0,0,8,9,1000.0,5.2,0.0,0.165
2000,9,26,19,30,0,0,0,8,9,1000.0,1.5,0.0,0.165
2000,9,26,20,30,0,0,0,8,9,1000.0,356.1,0.0,0.165
2000,9,26,21,30,0,0,0,7,8,1000.0,345.5,0.0,0.165
2000,9,26,22,30,0,0,0,7,8,1000.0,333.3,0.0,0.165
2000,9,26,23,30,0,0,0,6,7,1000.0,328.90000000000003,0.0,0.165
2000,9,27,0,30,0,0,0,6,6,1000.0,320.5,0.0,0.165
2000,9,27,1,30,0,0,0,4,6,1000.0,319.20000000000005,0.0,0.165
2000,9,27,2,30,0,0,0,4,5,1000.0,321.5,0.0,0.165
2000,9,27,3,30,0,0,0,4,5,1000.0,320.90000000000003,0.0,0.165
2000,9,27,4,30,0,0,0,4,5,1000.0,317.70000000000005,0.0,0.165
2000,9,27,5,30,0,0,0,4,5,1000.0,313.0,0.0,0.165
2000,9,27,6,30,437,40,99,4,6,1000.0,305.90000000000003,0.0,0.165
2000,9,27,7,30,100,126,158,4,10,1000.0,300.6,0.0,0.165
2000,9,27,8,30,125,205,265,3,13,1000.0,310.5,0.0,0.165
2000,9,27,9,30,885,86,618,3,16,1000.0,314.70000000000005,0.0,0.165
2000,9,27,10,30,914,90,716,3,18,1000.0,301.90000000000003,0.0,0.165
2000,9,27,11,30,924,92,756,4,19,1000.0,285.2,0.0,0.165
2000,9,27,12,30,917,91,734,4,20,1000.0,274.40000000000003,0.0,0.165
2000,9,27,13,30,890,88,653,5,20,1000.0,268.7,0.0,0.165
2000,9,27,14,30,837,81,520,6,20,1000.0,266.40000000000003,0.0,0.165
2000,9,27,15,30,739,70,348,7,19,1000.0,265.90000000000003,0.0,0.165
2000,9,27,16,30,544,49,159,9,16,1000.0,264.40000000000003,0.1,0.165
2000,9,27,17,30,0,0,0,9,13,1000.0,255.4,0.30000000000000004,0.165
2000,9,27,18,30,0,0,0,9,11,1000.0,252.4,0.1,0.165
2000,9,27,19,30,0,0,0,9,11,1000.0,251.10000000000002,0.0,0.165
2000,9,27,20,30,0,0,0,9,10,1000.0,248.4,0.0,0.165
2000,9,27,21,30,0,0,0,9,10,1000.0,248.9,0.0,0.165
2000,9,27,22,30,0,0,0,9,10,1000.0,251.4,0.0,0.165
2000,9,27,23,30,0,0,0,9,9,1000.0,256.8,0.0,0.165
2000,9,28,0,30,0,0,0,8,9,1000.0,266.0,0.0,0.165
2000,9,28,1,30,0,0,0,8,9,1000.0,282.90000000000003,0.0,0.165
2000,9,28,2,30,0,0,0,8,9,1000.0,305.3,0.0,0.165
2000,9,28,3,30,0,0,0,8,9,1000.0,325.3,0.0,0.165
2000,9,28,4,30,0,0,0,8,8,1000.0,339.1,0.0,0.165
2000,9,28,5,30,0,0,0,8,8,1000.0,345.90000000000003,0.0,0.165
2000,9,28,6,30,10,44,46,9,9,1000.0,349.3,0.0,0.165
2000,9,28,7,30,26,116,124,8,11,1000.0,353.1,0.0,0.165
2000,9,28,8,30,641,127,431,7,13,1000.0,356.70000000000005,0.0,0.165
2000,9,28,9,30,22,222,236,6,14,1000.0,350.3,0.0,0.165
2000,9,28,10,30,281,306,497,5,15,1000.0,345.5,0.0,0.165
2000,9,28,11,30,81,327,385,5,15,1000.0,344.5,0.0,0.165
2000,9,28,12,30,444,269,579,4,15,1000.0,344.0,0.0,0.165
2000,9,28,13,30,377,255,493,3,15,1000.0,343.90000000000003,0.0,0.165
2000,9,28,14,30,843,83,520,2,14,1000.0,344.20000000000005,0.0,0.165
2000,9,28,15,30,774,67,354,1,13,1000.0,346.90000000000003,0.0,0.165
2000,9,28,16,30,603,45,163,0,11,1010.0,349.8,0.0,0.165
2000,9,28,17,30,0,0,0,0,8,1010.0,351.20000000000005,0.0,0.165
2000,9,28,18,30,0,0,0,0,6,1010.0,355.1,0.0,0.165
2000,9,28,19,30,0,0,0,0,5,1010.0,0.5,0.0,0.138
2000,9,28,20,30,0,0,0,0,4,1010.0,4.4,0.0,0.138
2000,9,28,21,30,0,0,0,-1,3,1010.0,7.0,0.0,0.138
2000,9,28,22,30,0,0,0,-1,3,1010.0,6.1000000000000005,0.0,0.138
2000,9,28,23,30,0,0,0,-1,2,1010.0,4.6000000000000005,0.0,0.138
2000,9,29,0,30,0,0,0,-1,1,1010.0,2.5,0.0,0.138
2000,9,29,1,30,0,0,0,-2,1,1010.0,358.8,0.0,0.138
2000,9,29,2,30,0,0,0,-2,1,1010.0,356.1,0.0,0.138
2000,9,29,3,30,0,0,0,-2,0,1010.0,356.3,0.0,0.138
2000,9,29,4,30,0,0,0,-2,0,1010.0,354.3,0.0,0.138
2000,9,29,5,30,0,0,0,-2,0,1010.0,351.1,0.0,0.138
2000,9,29,6,30,488,34,98,-2,2,1010.0,347.90000000000003,0.0,0.138
2000,9,29,7,30,738,59,288,-2,5,1010.0,6.1000000000000005,0.0,0.138
2000,9,29,8,30,847,72,470,-2,8,1010.0,30.5,0.0,0.138
2000,9,29,9,30,904,81,617,-3,10,1010.0,25.6,0.0,0.138
2000,9,29,10,30,931,86,714,-3,12,1010.0,22.0,0.0,0.138
2000,9,29,11,30,938,88,752,-3,13,1010.0,22.200000000000003,0.0,0.138
2000,9,29,12,30,927,88,728,-4,14,1010.0,22.200000000000003,0.0,0.138
2000,9,29,13,30,899,85,646,-4,15,1010.0,20.900000000000002,0.0,0.138
2000,9,29,14,30,850,77,513,-3,15,1010.0,13.600000000000001,0.0,0.138
2000,9,29,15,30,759,64,342,-3,14,1010.0,0.6000000000000001,0.0,0.138
2000,9,29,16,30,570,44,152,0,13,1010.0,281.7,0.1,0.138
2000,9,29,17,30,0,0,0,0,11,1010.0,181.0,0.5,0.138
2000,9,29,18,30,0,0,0,-1,9,1010.0,170.70000000000002,0.7000000000000001,0.138
2000,9,29,19,30,0,0,0,0,7,1010.0,175.5,0.7000000000000001,0.138
2000,9,29,20,30,0,0,0,0,5,1010.0,182.3,0.5,0.138
2000,9,29,21,30,0,0,0,0,4,1010.0,189.3,0.2,0.138
2000,9,29,22,30,0,0,0,0,4,1010.0,195.60000000000002,0.0,0.138
2000,9,29,23,30,0,0,0,1,4,1010.0,198.0,0.0,0.138
2000,9,30,0,30,0,0,0,2,3,1010.0,206.0,0.0,0.138
2000,9,30,1,30,0,0,0,2,3,1010.0,206.60000000000002,0.1,0.138
2000,9,30,2,30,0,0,0,2,3,1010.0,215.3,0.1,0.138
2000,9,30,3,30,0,0,0,2,2,1010.0,224.0,0.1,0.138
2000,9,30,4,30,0,0,0,1,2,1010.0,230.10000000000002,0.2,0.138
2000,9,30,5,30,0,0,0,2,2,1010.0,232.8,0.1,0.138
2000,9,30,6,30,416,36,89,2,5,1010.0,232.60000000000002,0.0,0.138
2000,9,30,7,30,681,65,274,3,9,1010.0,224.70000000000002,0.0,0.138
2000,9,30,8,30,804,80,454,2,12,1010.0,218.0,0.0,0.138
2000,9,30,9,30,867,89,600,1,15,1010.0,217.70000000000002,0.0,0.138
2000,9,30,10,30,906,92,699,1,16,1010.0,214.4,0.0,0.138
2000,9,30,11,30,918,94,740,1,17,1010.0,212.3,0.0,0.138
2000,9,30,12,30,913,93,719,1,18,1010.0,211.0,0.0,0.138
2000,9,30,13,30,891,88,640,2,19,1010.0,209.8,0.0,0.138
2000,9,30,14,30,842,80,508,2,18,1010.0,209.3,0.0,0.138
2000,9,30,15,30,746,68,336,3,17,1010.0,209.60000000000002,0.0,0.138
2000,9,30,16,30,545,47,147,4,14,1010.0,207.9,0.0,0.138
2000,9,30,17,30,0,0,0,5,11,1010.0,204.70000000000002,0.0,0.138
2000,9,30,18,30,0,0,0,5,9,1010.0,200.0,0.0,0.138
2007,9,30,19,30,0,0,0,6,12,1020.0,148.6,0.0,0.14200000000000002
2007,9,30,20,30,0,0,0,8,11,1020.0,153.1,0.0,0.14200000000000002
2007,9,30,21,30,0,0,0,9,11,1020.0,159.10000000000002,0.0,0.14200000000000002
2007,9,30,22,30,0,0,0,9,10,1020.0,160.10000000000002,0.0,0.14200000000000002
2007,9,30,23,30,0,0,0,9,10,1010.0,159.0,0.0,0.14200000000000002
2007,10,1,0,30,0,0,0,9,10,1020.0,158.8,0.0,0.14200000000000002
2007,10,1,1,30,0,0,0,9,10,1020.0,160.9,0.1,0.14200000000000002
2007,10,1,2,30,0,0,0,9,10,1020.0,162.8,0.1,0.14200000000000002
2007,10,1,3,30,0,0,0,9,9,1020.0,162.20000000000002,0.0,0.14200000000000002
2007,10,1,4,30,0,0,0,9,9,1020.0,158.3,0.0,0.14200000000000002
2007,10,1,5,30,0,0,0,9,10,1020.0,146.8,0.0,0.14200000000000002
2007,10,1,6,30,297,43,80,10,12,1020.0,142.3,0.0,0.14200000000000002
2007,10,1,7,30,153,119,166,10,14,1020.0,147.5,0.0,0.14200000000000002
2007,10,1,8,30,555,129,387,9,17,1020.0,153.9,0.0,0.14200000000000002
2007,10,1,9,30,163,266,362,9,18,1020.0,157.3,0.0,0.14200000000000002
2007,10,1,10,30,24,253,269,8,20,1010.0,161.60000000000002,0.0,0.14200000000000002
2007,10,1,11,30,79,319,375,7,21,1010.0,166.60000000000002,0.0,0.14200000000000002
2007,10,1,12,30,104,317,389,6,21,1010.0,168.8,0.0,0.14200000000000002
2007,10,1,13,30,229,278,420,6,22,1010.0,168.8,0.0,0.14200000000000002
2007,10,1,14,30,203,218,321,5,21,1010.0,167.70000000000002,0.0,0.14200000000000002
2007,10,1,15,30,399,117,260,5,20,1010.0,166.60000000000002,0.0,0.14200000000000002
2007,10,1,16,30,372,53,120,5,17,1010.0,165.3,0.0,0.14200000000000002
2007,10,1,17,30,0,0,0,5,15,1010.0,164.3,0.0,0.14200000000000002
2007,10,1,18,30,0,0,0,5,13,1010.0,166.60000000000002,0.0,0.14200000000000002
2007,10,1,19,30,0,0,0,5,11,1010.0,168.3,0.0,0.14200000000000002
2007,10,1,20,30,0,0,0,6,10,1010.0,169.0,0.0,0.14200000000000002
2007,10,1,21,30,0,0,0,7,9,1010.0,171.10000000000002,0.0,0.14200000000000002
2007,10,1,22,30,0,0,0,8,8,1010.0,173.10000000000002,0.0,0.14200000000000002
2007,10,1,23,30,0,0,0,8,8,1010.0,170.20000000000002,0.1,0.14200000000000002
2007,10,2,0,30,0,0,0,8,8,1010.0,171.0,0.2,0.14200000000000002
2007,10,2,1,30,0,0,0,8,8,1010.0,171.3,0.4,0.14200000000000002
2007,10,2,2,30,0,0,0,8,8,1010.0,166.10000000000002,0.5,0.14200000000000002
2007,10,2,3,30,0,0,0,8,9,1010.0,155.9,0.5,0.14200000000000002
2007,10,2,4,30,0,0,0,8,9,1010.0,147.70000000000002,0.30000000000000004,0.14200000000000002
2007,10,2,5,30,0,0,0,9,10,1010.0,144.6,0.2,0.14200000000000002
2007,10,2,6,30,0,5,5,11,12,1010.0,142.8,0.0,0.14200000000000002
2007,10,2,7,30,53,116,132,12,15,1010.0,139.0,0.0,0.14200000000000002
2007,10,2,8,30,356,171,335,12,17,1010.0,164.5,0.0,0.14200000000000002
2007,10,2,9,30,276,252,413,12,19,1010.0,173.9,0.0,0.14200000000000002
2007,10,2,10,30,322,288,503,11,20,1010.0,176.4,0.0,0.14200000000000002
2007,10,2,11,30,287,315,516,11,21,1010.0,176.9,0.0,0.14200000000000002
2007,10,2,12,30,262,310,488,11,22,1010.0,176.8,0.0,0.14200000000000002
2007,10,2,13,30,815,107,606,11,23,1010.0,174.8,0.0,0.14200000000000002
2007,10,2,14,30,743,101,473,12,22,1010.0,173.4,0.0,0.14200000000000002
2007,10,2,15,30,194,140,208,12,21,1010.0,171.60000000000002,0.0,0.14200000000000002
2007,10,2,16,30,346,61,122,13,19,1010.0,170.20000000000002,0.0,0.14200000000000002
2007,10,2,17,30,0,0,0,13,17,1010.0,164.9,0.0,0.14200000000000002
2007,10,2,18,30,0,0,0,13,16,1010.0,162.70000000000002,0.0,0.14200000000000002
2007,10,2,19,30,0,0,0,14,15,1010.0,162.9,0.0,0.14200000000000002
2007,10,2,20,30,0,0,0,13,14,1010.0,157.70000000000002,0.0,0.14200000000000002
2007,10,2,21,30,0,0,0,11,13,1010.0,154.60000000000002,0.0,0.14200000000000002
2007,10,2,22,30,0,0,0,11,13,1010.0,153.20000000000002,0.0,0.14200000000000002
2007,10,2,23,30,0,0,0,11,13,1010.0,152.9,0.0,0.14200000000000002
2007,10,3,0,30,0,0,0,11,13,1010.0,158.5,0.1,0.14200000000000002
2007,10,3,1,30,0,0,0,11,12,1010.0,158.0,0.30000000000000004,0.14200000000000002
2007,10,3,2,30,0,0,0,11,12,1010.0,156.8,0.4,0.14200000000000002
2007,10,3,3,30,0,0,0,11,13,1010.0,156.3,0.30000000000000004,0.14200000000000002
2007,10,3,4,30,0,0,0,11,13,1010.0,153.70000000000002,0.30000000000000004,0.14200000000000002
2007,10,3,5,30,0,0,0,11,13,1010.0,151.3,0.2,0.14200000000000002
2007,10,3,6,30,0,2,2,15,15,1010.0,149.9,0.0,0.14200000000000002
2007,10,3,7,30,0,76,76,15,18,1010.0,144.9,0.0,0.14200000000000002
2007,10,3,8,30,90,192,233,16,21,1000.0,159.60000000000002,0.0,0.14200000000000002
2007,10,3,9,30,171,262,362,16,23,1000.0,169.8,0.0,0.14200000000000002
2007,10,3,10,30,99,303,369,16,24,1000.0,181.3,0.0,0.14200000000000002
2007,10,3,11,30,92,320,384,16,25,1000.0,189.60000000000002,0.0,0.14200000000000002
2007,10,3,12,30,1,165,166,16,25,1000.0,192.20000000000002,0.0,0.14200000000000002
2007,10,3,13,30,460,222,501,16,25,1000.0,191.4,0.0,0.14200000000000002
2007,10,3,14,30,597,146,442,16,24,1000.0,191.8,0.0,0.14200000000000002
2007,10,3,15,30,539,90,277,17,23,1000.0,192.60000000000002,0.0,0.14200000000000002
2007,10,3,16,30,116,69,89,17,22,1000.0,190.70000000000002,0.0,0.14200000000000002
2007,10,3,17,30,0,0,0,17,20,1000.0,186.3,0.0,0.14200000000000002
2007,10,3,18,30,0,0,0,17,19,1000.0,187.10000000000002,0.0,0.14200000000000002
2007,10,3,19,30,0,0,0,17,18,1000.0,186.10000000000002,0.0,0.14200000000000002
2007,10,3,20,30,0,0,0,16,17,1000.0,189.3,0.0,0.14200000000000002
2007,10,3,21,30,0,0,0,16,16,1000.0,195.20000000000002,0.0,0.14200000000000002
2007,10,3,22,30,0,0,0,16,16,1000.0,201.4,0.0,0.14200000000000002
2007,10,3,23,30,0,0,0,16,16,1000.0,206.5,0.0,0.14200000000000002
2007,10,4,0,30,0,0,0,16,16,1000.0,210.70000000000002,0.0,0.14200000000000002
2007,10,4,1,30,0,0,0,15,16,1000.0,215.20000000000002,0.0,0.14200000000000002
2007,10,4,2,30,0,0,0,15,16,1000.0,222.0,0.0,0.14200000000000002
2007,10,4,3,30,0,0,0,15,16,1000.0,231.5,0.0,0.14200000000000002
2007,10,4,4,30,0,0,0,14,15,1000.0,242.60000000000002,0.0,0.14200000000000002
2007,10,4,5,30,0,0,0,14,15,1000.0,253.8,0.0,0.14200000000000002
2007,10,4,6,30,0,19,19,16,17,1000.0,266.40000000000003,0.0,0.14200000000000002
2007,10,4,7,30,16,106,111,16,21,1000.0,270.8,0.0,0.14200000000000002
2007,10,4,8,30,216,189,286,15,24,1000.0,298.6,0.0,0.14200000000000002
2007,10,4,9,30,744,118,545,14,26,1000.0,291.6,0.0,0.14200000000000002
2007,10,4,10,30,812,112,645,14,27,1000.0,271.40000000000003,0.0,0.14200000000000002
2007,10,4,11,30,827,114,682,14,28,1000.0,267.5,0.0,0.14200000000000002
2007,10,4,12,30,824,110,662,13,29,1000.0,269.8,0.0,0.14200000000000002
2007,10,4,13,30,772,114,579,13,29,1000.0,272.8,0.0,0.14200000000000002
2007,10,4,14,30,715,101,452,13,28,1000.0,277.2,0.0,0.14200000000000002
2007,10,4,15,30,603,83,288,13,27,1000.0,284.5,0.0,0.14200000000000002
2007,10,4,16,30,372,51,113,14,24,1000.0,292.40000000000003,0.2,0.14200000000000002
2007,10,4,17,30,0,0,0,14,21,1000.0,323.40000000000003,0.4,0.14200000000000002
2007,10,4,18,30,0,0,0,13,19,1000.0,333.20000000000005,0.2,0.14200000000000002
2007,10,4,19,30,0,0,0,13,18,1010.0,328.1,0.1,0.14200000000000002
2007,10,4,20,30,0,0,0,12,18,1010.0,341.40000000000003,0.1,0.14200000000000002
2007,10,4,21,30,0,0,0,12,17,1010.0,25.900000000000002,0.30000000000000004,0.14200000000000002
2007,10,4,22,30,0,0,0,12,17,1010.0,37.1,0.5,0.14200000000000002
2007,10,4,23,30,0,0,0,12,17,1010.0,48.800000000000004,0.6000000000000001,0.14200000000000002
2007,10,5,0,30,0,0,0,12,17,1010.0,56.300000000000004,0.6000000000000001,0.14200000000000002
2007,10,5,1,30,0,0,0,12,16,1010.0,45.900000000000006,0.6000000000000001,0.14200000000000002
2007,10,5,2,30,0,0,0,12,15,1010.0,29.3,0.6000000000000001,0.14200000000000002
2007,10,5,3,30,0,0,0,12,14,1010.0,23.3,0.5,0.14200000000000002
2007,10,5,4,30,0,0,0,12,14,1010.0,22.700000000000003,0.4,0.14200000000000002
2007,10,5,5,30,0,0,0,12,14,1010.0,21.200000000000003,0.30000000000000004,0.14200000000000002
2007,10,5,6,30,282,35,67,12,16,1010.0,17.900000000000002,0.1,0.14200000000000002
2007,10,5,7,30,8,102,105,13,19,1010.0,30.5,0.0,0.14200000000000002
2007,10,5,8,30,62,183,211,13,23,1010.0,234.3,0.0,0.14200000000000002
2007,10,5,9,30,767,107,545,14,27,1010.0,247.20000000000002,0.0,0.14200000000000002
2007,10,5,10,30,740,142,624,14,29,1010.0,241.9,0.0,0.14200000000000002
2007,10,5,11,30,755,146,662,14,30,1010.0,239.10000000000002,0.0,0.14200000000000002
2007,10,5,12,30,748,144,641,14,31,1010.0,232.0,0.0,0.14200000000000002
2007,10,5,13,30,627,172,546,14,31,1010.0,223.9,0.0,0.14200000000000002
2007,10,5,14,30,556,152,421,14,30,1010.0,216.8,0.0,0.14200000000000002
2007,10,5,15,30,424,119,262,14,29,1010.0,213.0,0.0,0.14200000000000002
2007,10,5,16,30,168,64,91,16,26,1010.0,220.60000000000002,0.1,0.14200000000000002
2007,10,5,17,30,0,0,0,16,23,1010.0,223.5,0.1,0.14200000000000002
2007,10,5,18,30,0,0,0,16,21,1010.0,214.60000000000002,0.0,0.14200000000000002
2007,10,5,19,30,0,0,0,16,20,1010.0,202.10000000000002,0.0,0.14200000000000002
2007,10,5,20,30,0,0,0,17,19,1010.0,210.8,0.0,0.14200000000000002
2007,10,5,21,30,0,0,0,17,18,1010.0,215.60000000000002,0.0,0.14200000000000002
2007,10,5,22,30,0,0,0,17,17,1010.0,226.20000000000002,0.0,0.14200000000000002
2007,10,5,23,30,0,0,0,16,17,1010.0,238.70000000000002,0.0,0.14200000000000002
2007,10,6,0,30,0,0,0,16,16,1010.0,246.8,0.0,0.14200000000000002
2007,10,6,1,30,0,0,0,15,16,1010.0,254.20000000000002,0.0,0.14200000000000002
2007,10,6,2,30,0,0,0,15,15,1000.0,263.40000000000003,0.0,0.14200000000000002
2007,10,6,3,30,0,0,0,14,15,1000.0,272.6,0.0,0.14200000000000002
2007,10,6,4,30,0,0,0,14,15,1000.0,278.90000000000003,0.0,0.14200000000000002
2007,10,6,5,30,0,0,0,14,15,1000.0,283.7,0.0,0.14200000000000002
2007,10,6,6,30,162,40,57,15,17,1000.0,286.3,0.0,0.14200000000000002
2007,10,6,7,30,0,77,77,16,19,1000.0,262.7,0.0,0.14200000000000002
2007,10,6,8,30,99,188,232,16,23,1000.0,237.3,0.0,0.14200000000000002
2007,10,6,9,30,284,242,403,16,27,1000.0,258.8,0.0,0.14200000000000002
2007,10,6,10,30,701,159,612,15,29,1000.0,256.0,0.0,0.14200000000000002
2007,10,6,11,30,722,160,649,14,30,1000.0,251.60000000000002,0.0,0.14200000000000002
2007,10,6,12,30,714,157,627,14,30,1000.0,252.9,0.0,0.14200000000000002
2007,10,6,13,30,227,265,400,14,30,1000.0,257.8,0.0,0.14200000000000002
2007,10,6,14,30,540,154,413,14,29,1000.0,257.7,0.0,0.14200000000000002
2007,10,6,15,30,427,116,257,14,28,1000.0,248.8,0.0,0.14200000000000002
2007,10,6,16,30,180,60,87,16,25,1000.0,237.3,0.0,0.14200000000000002
2007,10,6,17,30,0,0,0,15,22,1000.0,234.3,0.0,0.14200000000000002
2007,10,6,18,30,0,0,0,15,22,1000.0,221.3,0.0,0.14200000000000002
2007,10,6,19,30,0,0,0,15,21,1000.0,227.9,0.0,0.14200000000000002
2007,10,6,20,30,0,0,0,15,20,1000.0,228.9,0.0,0.14200000000000002
2007,10,6,21,30,0,0,0,15,19,1000.0,234.3,0.0,0.14200000000000002
2007,10,6,22,30,0,0,0,16,19,1000.0,251.0,0.0,0.14200000000000002
2007,10,6,23,30,0,0,0,16,19,1000.0,268.40000000000003,0.0,0.14200000000000002
2007,10,7,0,30,0,0,0,16,18,1000.0,287.7,0.0,0.14200000000000002
2007,10,7,1,30,0,0,0,17,18,1000.0,297.40000000000003,0.0,0.14200000000000002
2007,10,7,2,30,0,0,0,17,18,1000.0,312.5,0.0,0.14200000000000002
2007,10,7,3,30,0,0,0,17,18,1000.0,334.90000000000003,0.0,0.14200000000000002
2007,10,7,4,30,0,0,0,17,18,1000.0,350.40000000000003,0.0,0.14200000000000002
2007,10,7,5,30,0,0,0,17,17,1000.0,1.8,0.0,0.14200000000000002
2007,10,7,6,30,165,39,56,16,17,1000.0,6.1000000000000005,0.0,0.14200000000000002
2007,10,7,7,30,0,59,59,15,17,1000.0,15.100000000000001,0.0,0.14200000000000002
2007,10,7,8,30,96,185,228,14,19,1000.0,24.1,0.0,0.14200000000000002
2007,10,7,9,30,372,229,438,13,20,1000.0,25.900000000000002,0.0,0.14200000000000002
2007,10,7,10,30,234,294,444,12,21,1000.0,22.5,0.0,0.14200000000000002
2007,10,7,11,30,838,107,671,12,22,1000.0,15.200000000000001,0.0,0.14200000000000002
2007,10,7,12,30,835,102,648,11,23,1000.0,11.700000000000001,0.0,0.14200000000000002
2007,10,7,13,30,813,93,569,11,23,1000.0,10.100000000000001,0.0,0.14200000000000002
2007,10,7,14,30,762,81,442,11,23,1000.0,9.700000000000001,0.0,0.14200000000000002
2007,10,7,15,30,664,64,280,11,22,1000.0,9.5,0.0,0.14200000000000002
2007,10,7,16,30,132,52,72,11,19,1000.0,5.800000000000001,0.1,0.14200000000000002
2007,10,7,17,30,0,0,0,12,17,1000.0,24.700000000000003,0.2,0.14200000000000002
2007,10,7,18,30,0,0,0,11,15,1000.0,39.0,0.2,0.14200000000000002
2007,10,7,19,30,0,0,0,11,15,1000.0,69.3,0.2,0.135
2007,10,7,20,30,0,0,0,11,14,1000.0,103.5,0.1,0.135
2007,10,7,21,30,0,0,0,11,14,1000.0,89.30000000000001,0.1,0.135
2007,10,7,22,30,0,0,0,11,14,1000.0,26.0,0.1,0.135
2007,10,7,23,30,0,0,0,11,13,1000.0,209.5,0.30000000000000004,0.135
2007,10,8,0,30,0,0,0,11,13,1000.0,215.0,0.30000000000000004,0.135
2007,10,8,1,30,0,0,0,11,13,1000.0,223.5,0.2,0.135
2007,10,8,2,30,0,0,0,12,13,1000.0,246.4,0.1,0.135
2007,10,8,3,30,0,0,0,13,13,1000.0,245.10000000000002,0.0,0.135
2007,10,8,4,30,0,0,0,13,13,1000.0,234.10000000000002,0.0,0.135
2007,10,8,5,30,0,0,0,13,14,1000.0,231.3,0.0,0.135
2007,10,8,6,30,0,8,8,14,15,1000.0,227.8,0.0,0.135
2007,10,8,7,30,245,109,178,15,17,1000.0,234.8,0.0,0.135
2007,10,8,8,30,18,161,168,16,19,990.0,259.5,0.0,0.135
2007,10,8,9,30,10,189,194,17,22,990.0,296.0,0.0,0.135
2007,10,8,10,30,32,253,273,18,23,990.0,313.90000000000003,0.0,0.135
2007,10,8,11,30,34,267,290,18,24,990.0,318.20000000000005,0.0,0.135
2007,10,8,12,30,0,40,40,18,25,990.0,314.70000000000005,0.0,0.135
2007,10,8,13,30,133,265,342,19,25,990.0,306.1,0.0,0.135
2007,10,8,14,30,0,97,97,19,25,990.0,297.8,0.0,0.135
2007,10,8,15,30,432,107,245,20,24,990.0,295.2,0.0,0.135
2007,10,8,16,30,119,56,73,20,23,990.0,294.6,0.0,0.135
2007,10,8,17,30,0,0,0,20,22,990.0,296.5,0.0,0.135
2007,10,8,18,30,0,0,0,20,21,990.0,301.90000000000003,0.0,0.135
2007,10,8,19,30,0,0,0,19,20,990.0,305.8,0.0,0.135
2007,10,8,20,30,0,0,0,19,19,990.0,315.0,0.1,0.135
2007,10,8,21,30,0,0,0,18,19,990.0,310.20000000000005,0.1,0.135
2007,10,8,22,30,0,0,0,18,18,990.0,301.6,0.0,0.135
2007,10,8,23,30,0,0,0,18,18,990.0,303.90000000000003,0.0,0.135
2007,10,9,0,30,0,0,0,18,18,990.0,322.5,0.0,0.135
2007,10,9,1,30,0,0,0,17,17,990.0,344.1,0.0,0.135
2007,10,9,2,30,0,0,0,16,16,990.0,0.7000000000000001,0.0,0.135
2007,10,9,3,30,0,0,0,14,15,990.0,10.600000000000001,0.0,0.135
2007,10,9,4,30,0,0,0,13,14,990.0,16.3,0.0,0.135
2007,10,9,5,30,0,0,0,11,13,990.0,17.1,0.0,0.135
2007,10,9,6,30,237,33,55,11,13,990.0,22.900000000000002,0.0,0.135
2007,10,9,7,30,0,63,63,9,14,990.0,30.900000000000002,0.0,0.135
2007,10,9,8,30,258,174,286,6,16,1000.0,37.7,0.0,0.135
2007,10,9,9,30,150,249,333,5,17,990.0,39.6,0.0,0.135
2007,10,9,10,30,198,293,418,5,18,990.0,39.2,0.0,0.135
2007,10,9,11,30,818,109,651,5,19,990.0,42.5,0.0,0.135
2007,10,9,12,30,300,284,478,5,19,990.0,52.400000000000006,0.0,0.135
2007,10,9,13,30,9,191,196,6,19,990.0,68.8,0.0,0.135
2007,10,9,14,30,0,45,45,6,19,990.0,89.5,0.0,0.135
2007,10,9,15,30,0,87,87,7,18,990.0,111.80000000000001,0.0,0.135
2007,10,9,16,30,126,58,76,8,17,990.0,122.7,0.0,0.135
2007,10,9,17,30,0,0,0,8,15,990.0,117.30000000000001,0.0,0.135
2007,10,9,18,30,0,0,0,8,14,990.0,121.7,0.0,0.135
2007,10,9,19,30,0,0,0,9,13,990.0,138.5,0.0,0.135
2007,10,9,20,30,0,0,0,9,12,990.0,144.70000000000002,0.0,0.135
2007,10,9,21,30,0,0,0,10,12,990.0,149.4,0.0,0.135
2007,10,9,22,30,0,0,0,10,12,990.0,146.6,0.0,0.135
2007,10,9,23,30,0,0,0,11,12,990.0,138.20000000000002,0.0,0.135
2007,10,10,0,30,0,0,0,11,12,990.0,133.70000000000002,0.0,0.135
2007,10,10,1,30,0,0,0,11,12,990.0,115.7,0.0,0.135
2007,10,10,2,30,0,0,0,11,12,990.0,98.10000000000001,0.0,0.135
2007,10,10,3,30,0,0,0,11,12,990.0,101.60000000000001,0.0,0.135
2007,10,10,4,30,0,0,0,11,12,990.0,111.4,0.0,0.135
2007,10,10,5,30,0,0,0,11,12,990.0,115.10000000000001,0.0,0.135
2007,10,10,6,30,0,27,27,11,12,990.0,116.5,0.0,0.135
2007,10,10,7,30,0,11,11,11,12,990.0,120.80000000000001,0.0,0.135
2007,10,10,8,30,0,45,45,13,14,990.0,117.60000000000001,0.0,0.135
2007,10,10,9,30,0,151,151,13,15,990.0,112.2,0.0,0.135
2007,10,10,10,30,0,76,76,13,16,990.0,110.60000000000001,0.0,0.135
2007,10,10,11,30,1,165,166,13,16,990.0,112.0,0.0,0.135
2007,10,10,12,30,0,123,123,13,17,990.0,112.30000000000001,0.0,0.135
2007,10,10,13,30,0,110,110,13,17,990.0,109.80000000000001,0.0,0.135
2007,10,10,14,30,0,70,70,13,17,990.0,103.30000000000001,0.0,0.135
2007,10,10,15,30,0,37,37,13,16,990.0,94.30000000000001,0.0,0.135
2007,10,10,16,30,0,31,31,13,15,990.0,80.10000000000001,0.0,0.135
2007,10,10,17,30,0,0,0,13,14,990.0,66.5,0.0,0.135
2007,10,10,18,30,0,0,0,13,14,990.0,63.900000000000006,0.0,0.135
2007,10,10,19,30,0,0,0,13,13,990.0,61.1,0.0,0.135
2007,10,10,20,30,0,0,0,11,13,990.0,58.0,0.0,0.135
2007,10,10,21,30,0,0,0,11,13,990.0,55.2,0.0,0.135
2007,10,10,22,30,0,0,0,11,12,990.0,56.5,0.0,0.135
2007,10,10,23,30,0,0,0,11,12,990.0,59.0,0.0,0.135
2007,10,11,0,30,0,0,0,11,12,990.0,59.400000000000006,0.0,0.135
2007,10,11,1,30,0,0,0,11,11,990.0,57.7,0.0,0.135
2007,10,11,2,30,0,0,0,11,11,990.0,54.7,0.0,0.135
2007,10,11,3,30,0,0,0,11,11,990.0,54.7,0.0,0.135
2007,10,11,4,30,0,0,0,11,11,990.0,56.7,0.0,0.135
2007,10,11,5,30,0,0,0,11,12,990.0,58.5,0.0,0.135
2007,10,11,6,30,0,3,3,11,12,990.0,61.300000000000004,0.0,0.135
2007,10,11,7,30,0,19,19,11,13,990.0,63.300000000000004,0.0,0.135
2007,10,11,8,30,0,121,121,13,14,990.0,67.4,0.0,0.135
2007,10,11,9,30,0,135,135,13,15,990.0,74.7,0.0,0.135
2007,10,11,10,30,18,227,239,13,16,990.0,81.10000000000001,0.0,0.135
2007,10,11,11,30,0,108,108,13,17,990.0,86.0,0.0,0.135
2007,10,11,12,30,0,84,84,13,18,990.0,86.30000000000001,0.0,0.135
2007,10,11,13,30,22,212,224,13,18,990.0,84.5,0.0,0.135
2007,10,11,14,30,0,27,27,13,17,990.0,82.5,0.0,0.135
2007,10,11,15,30,0,35,35,13,16,990.0,77.60000000000001,0.0,0.135
2007,10,11,16,30,0,39,39,14,15,990.0,68.5,0.0,0.135
2007,10,11,17,30,0,0,0,13,13,990.0,63.7,0.0,0.135
2007,10,11,18,30,0,0,0,11,13,980.0,63.2,0.0,0.135
2007,10,11,19,30,0,0,0,11,13,980.0,63.5,0.0,0.135
2007,10,11,20,30,0,0,0,11,12,980.0,64.7,0.0,0.135
2007,10,11,21,30,0,0,0,11,12,980.0,63.7,0.0,0.135
2007,10,11,22,30,0,0,0,11,12,980.0,59.1,0.0,0.135
2007,10,11,23,30,0,0,0,11,13,980.0,57.2,0.0,0.135
2007,10,12,0,30,0,0,0,11,13,980.0,65.5,0.0,0.135
2007,10,12,1,30,0,0,0,13,13,980.0,88.5,0.0,0.135
2007,10,12,2,30,0,0,0,11,13,980.0,123.9,0.0,0.135
2007,10,12,3,30,0,0,0,11,13,980.0,150.4,0.0,0.135
2007,10,12,4,30,0,0,0,11,12,980.0,155.5,0.0,0.135
2007,10,12,5,30,0,0,0,11,12,980.0,162.5,0.0,0.135
2007,10,12,6,30,0,9,9,11,12,980.0,171.5,0.0,0.135
2007,10,12,7,30,0,7,7,11,12,980.0,200.70000000000002,0.0,0.135
2007,10,12,8,30,0,6,6,11,13,980.0,246.9,0.0,0.135
2007,10,12,9,30,0,48,48,12,13,980.0,290.5,0.0,0.135
2007,10,12,10,30,0,32,32,11,12,980.0,305.40000000000003,0.0,0.135
2007,10,12,11,30,3,177,179,9,11,980.0,303.6,0.1,0.135
2007,10,12,12,30,0,101,101,8,11,980.0,306.1,0.1,0.135
2007,10,12,13,30,0,162,163,6,12,980.0,312.1,0.0,0.135
2007,10,12,14,30,91,189,230,5,12,990.0,315.70000000000005,0.0,0.135
2007,10,12,15,30,718,55,268,5,11,990.0,311.90000000000003,0.0,0.135
2007,10,12,16,30,476,32,90,4,10,990.0,305.40000000000003,0.0,0.135
2007,10,12,17,30,0,0,0,3,9,990.0,298.3,0.0,0.135
2007,10,12,18,30,0,0,0,3,8,990.0,295.5,0.0,0.135
2007,10,12,19,30,0,0,0,2,7,990.0,298.8,0.0,0.135
2007,10,12,20,30,0,0,0,2,6,990.0,304.6,0.0,0.135
2007,10,12,21,30,0,0,0,1,6,990.0,308.20000000000005,0.0,0.135
2007,10,12,22,30,0,0,0,1,5,990.0,307.70000000000005,0.0,0.135
2007,10,12,23,30,0,0,0,1,5,990.0,304.1,0.0,0.135
2007,10,13,0,30,0,0,0,1,4,990.0,296.2,0.0,0.135
2007,10,13,1,30,0,0,0,1,3,990.0,290.40000000000003,0.0,0.135
2007,10,13,2,30,0,0,0,2,3,990.0,285.0,0.0,0.135
2007,10,13,3,30,0,0,0,2,3,990.0,286.1,0.0,0.135
2007,10,13,4,30,0,0,0,2,3,990.0,283.8,0.0,0.135
2007,10,13,5,30,0,0,0,2,3,990.0,276.90000000000003,0.0,0.135
2007,10,13,6,30,299,27,51,2,4,1000.0,275.3,0.0,0.135
2007,10,13,7,30,651,56,225,2,7,1000.0,282.2,0.0,0.135
2007,10,13,8,30,807,69,404,1,10,1000.0,301.40000000000003,0.0,0.135
2007,10,13,9,30,888,76,551,0,11,1000.0,299.90000000000003,0.0,0.135
2007,10,13,10,30,926,80,648,0,13,990.0,292.7,0.0,0.135
2007,10,13,11,30,938,81,684,0,14,990.0,284.7,0.0,0.135
2007,10,13,12,30,927,81,658,0,15,990.0,276.2,0.0,0.135
2007,10,13,13,30,489,190,461,0,15,990.0,267.6,0.0,0.135
2007,10,13,14,30,39,174,191,0,15,990.0,263.1,0.0,0.135
2007,10,13,15,30,90,115,141,1,14,990.0,262.7,0.0,0.135
2007,10,13,16,30,400,35,82,2,11,990.0,262.0,0.1,0.135
2007,10,13,17,30,0,0,0,2,8,990.0,257.3,0.2,0.135
2007,10,13,18,30,0,0,0,2,7,990.0,253.3,0.0,0.135
2007,10,13,19,30,0,0,0,2,7,1000.0,253.10000000000002,0.0,0.135
2007,10,13,20,30,0,0,0,2,7,1000.0,253.5,0.0,0.135
2007,10,13,21,30,0,0,0,3,6,1000.0,249.60000000000002,0.0,0.135
2007,10,13,22,30,0,0,0,3,6,1000.0,249.5,0.0,0.135
2007,10,13,23,30,0,0,0,3,5,1000.0,253.10000000000002,0.0,0.135
2007,10,14,0,30,0,0,0,3,5,1000.0,257.5,0.0,0.135
2007,10,14,1,30,0,0,0,3,5,1000.0,262.5,0.0,0.135
2007,10,14,2,30,0,0,0,3,4,1000.0,268.2,0.0,0.135
2007,10,14,3,30,0,0,0,2,4,1000.0,274.5,0.0,0.135
2007,10,14,4,30,0,0,0,2,4,1000.0,276.1,0.0,0.135
2007,10,14,5,30,0,0,0,2,4,1000.0,275.2,0.0,0.135
2007,10,14,6,30,300,25,48,4,5,1000.0,275.40000000000003,0.0,0.135
2007,10,14,7,30,644,54,218,4,8,1000.0,279.40000000000003,0.0,0.135
2007,10,14,8,30,155,173,236,4,11,1000.0,300.1,0.0,0.135
2007,10,14,9,30,860,77,534,3,12,1000.0,302.40000000000003,0.0,0.135
2007,10,14,10,30,363,251,472,2,13,1000.0,304.40000000000003,0.0,0.135
2007,10,14,11,30,909,85,665,1,14,1000.0,306.7,0.0,0.135
2007,10,14,12,30,906,82,642,1,14,1000.0,309.6,0.0,0.135
2007,10,14,13,30,875,79,559,0,14,1000.0,311.5,0.0,0.135
2007,10,14,14,30,812,71,425,0,14,1000.0,312.5,0.0,0.135
2007,10,14,15,30,684,59,255,1,13,1000.0,313.70000000000005,0.0,0.135
2007,10,14,16,30,400,33,78,1,11,1000.0,319.20000000000005,0.0,0.135
2007,10,14,17,30,0,0,0,2,9,1000.0,318.5,0.0,0.135
2007,10,14,18,30,0,0,0,3,7,1000.0,316.8,0.0,0.135
2007,10,14,19,30,0,0,0,3,6,1000.0,313.3,0.0,0.135
2007,10,14,20,30,0,0,0,3,5,1000.0,305.2,0.0,0.135
2007,10,14,21,30,0,0,0,4,5,1000.0,304.2,0.0,0.135
2007,10,14,22,30,0,0,0,4,5,1000.0,309.0,0.0,0.135
2007,10,14,23,30,0,0,0,4,4,1000.0,313.20000000000005,0.0,0.135
2007,10,15,0,30,0,0,0,2,3,1000.0,313.20000000000005,0.0,0.135
2007,10,15,1,30,0,0,0,2,3,1000.0,312.20000000000005,0.0,0.135
2007,10,15,2,30,0,0,0,2,3,1000.0,313.0,0.0,0.135
2007,10,15,3,30,0,0,0,2,3,1000.0,313.3,0.0,0.135
2007,10,15,4,30,0,0,0,2,3,1000.0,310.70000000000005,0.0,0.135
2007,10,15,5,30,0,0,0,2,3,1000.0,301.6,0.0,0.135
2007,10,15,6,30,0,21,21,4,5,1000.0,290.8,0.0,0.135
2007,10,15,7,30,188,94,141,4,8,1000.0,285.40000000000003,0.0,0.135
2007,10,15,8,30,92,169,207,4,11,1000.0,292.8,0.0,0.135
2007,10,15,9,30,836,84,524,4,14,1000.0,299.90000000000003,0.0,0.135
2007,10,15,10,30,226,274,411,4,15,1000.0,299.1,0.0,0.135
2007,10,15,11,30,340,270,485,4,16,1000.0,296.0,0.0,0.135
2007,10,15,12,30,477,221,513,5,17,1000.0,295.5,0.0,0.135
2007,10,15,13,30,285,231,386,5,17,1000.0,296.7,0.0,0.135
2007,10,15,14,30,555,119,359,5,16,1000.0,298.8,0.0,0.135
2007,10,15,15,30,302,98,183,5,15,1000.0,300.90000000000003,0.0,0.135
2007,10,15,16,30,118,39,51,6,13,1000.0,303.40000000000003,0.0,0.135
2007,10,15,17,30,0,0,0,6,11,1000.0,303.90000000000003,0.0,0.135
2007,10,15,18,30,0,0,0,6,9,1000.0,299.8,0.0,0.135
2007,10,15,19,30,0,0,0,6,9,1000.0,297.1,0.0,0.131
2007,10,15,20,30,0,0,0,6,9,1000.0,296.8,0.0,0.131
2007,10,15,21,30,0,0,0,7,8,1000.0,300.3,0.0,0.131
2007,10,15,22,30,0,0,0,7,8,1000.0,309.3,0.0,0.131
2007,10,15,23,30,0,0,0,7,7,1000.0,319.8,0.0,0.131
2007,10,16,0,30,0,0,0,6,7,1000.0,328.5,0.0,0.131
2007,10,16,1,30,0,0,0,6,7,1000.0,332.0,0.0,0.131
2007,10,16,2,30,0,0,0,6,6,1000.0,330.0,0.0,0.131
2007,10,16,3,30,0,0,0,4,5,1000.0,328.1,0.0,0.131
2007,10,16,4,30,0,0,0,4,5,1000.0,324.1,0.0,0.131
2007,10,16,5,30,0,0,0,4,5,1000.0,324.8,0.0,0.131
2007,10,16,6,30,310,23,44,4,6,1000.0,328.40000000000003,0.0,0.131
2007,10,16,7,30,669,51,217,4,8,1000.0,334.5,0.0,0.131
2007,10,16,8,30,817,63,392,3,11,1000.0,349.40000000000003,0.0,0.131
2007,10,16,9,30,889,70,534,2,13,1000.0,348.20000000000005,0.0,0.131
2007,10,16,10,30,927,73,628,2,15,1000.0,346.3,0.0,0.131
2007,10,16,11,30,940,74,665,2,16,1000.0,341.5,0.0,0.131
2007,10,16,12,30,935,73,641,2,17,1000.0,336.8,0.0,0.131
2007,10,16,13,30,906,69,557,2,18,1000.0,333.8,0.0,0.131
2007,10,16,14,30,847,63,423,3,18,1000.0,327.20000000000005,0.0,0.131
2007,10,16,15,30,726,51,252,3,16,1000.0,321.8,0.1,0.131
2007,10,16,16,30,441,28,73,5,13,1000.0,331.90000000000003,0.4,0.131
2007,10,16,17,30,0,0,0,5,10,1000.0,339.90000000000003,0.5,0.131
2007,10,16,18,30,0,0,0,5,9,1000.0,351.5,0.30000000000000004,0.131
2007,10,16,19,30,0,0,0,5,8,1000.0,358.70000000000005,0.2,0.131
2007,10,16,20,30,0,0,0,5,8,1000.0,3.2,0.1,0.131
2007,10,16,21,30,0,0,0,5,7,1000.0,1.5,0.0,0.131
2007,10,16,22,30,0,0,0,5,7,1000.0,3.2,0.0,0.131
2007,10,16,23,30,0,0,0,5,7,1000.0,0.30000000000000004,0.0,0.131
2007,10,17,0,30,0,0,0,5,7,1000.0,358.40000000000003,0.0,0.131
2007,10,17,1,30,0,0,0,5,7,1000.0,0.30000000000000004,0.0,0.131
2007,10,17,2,30,0,0,0,5,6,1000.0,1.8,0.0,0.131
2007,10,17,3,30,0,0,0,4,6,1000.0,0.5,0.0,0.131
2007,10,17,4,30,0,0,0,4,6,1000.0,358.8,0.0,0.131
2007,10,17,5,30,0,0,0,4,6,1000.0,353.70000000000005,0.1,0.131
2007,10,17,6,30,0,17,17,3,7,1000.0,357.40000000000003,0.1,0.131
2007,10,17,7,30,493,71,191,3,10,1000.0,9.1,0.0,0.131
2007,10,17,8,30,465,125,309,3,14,1000.0,315.5,0.0,0.131
2007,10,17,9,30,673,131,479,4,17,1000.0,251.70000000000002,0.0,0.131
2007,10,17,10,30,683,155,561,6,19,1000.0,251.20000000000002,0.0,0.131
2007,10,17,11,30,695,159,593,8,20,1000.0,253.5,0.0,0.131
2007,10,17,12,30,676,159,567,10,21,1000.0,253.8,0.0,0.131
2007,10,17,13,30,584,169,480,11,22,1000.0,252.70000000000002,0.0,0.131
2007,10,17,14,30,250,170,275,11,21,1000.0,249.60000000000002,0.0,0.131
2007,10,17,15,30,35,101,111,12,20,1000.0,242.5,0.0,0.131
2007,10,17,16,30,0,26,26,13,17,1000.0,239.10000000000002,0.2,0.131
2007,10,17,17,30,0,0,0,12,14,1000.0,233.5,0.30000000000000004,0.131
2007,10,17,18,30,0,0,0,13,13,1000.0,240.4,0.2,0.131
2007,10,17,19,30,0,0,0,13,13,1000.0,240.20000000000002,0.2,0.131
2007,10,17,20,30,0,0,0,11,12,1000.0,238.4,0.2,0.131
2007,10,17,21,30,0,0,0,11,12,1000.0,241.3,0.2,0.131
2007,10,17,22,30,0,0,0,11,12,1000.0,245.8,0.2,0.131
2007,10,17,23,30,0,0,0,11,11,1000.0,253.20000000000002,0.30000000000000004,0.131
2007,10,18,0,30,0,0,0,11,11,1000.0,253.4,0.4,0.131
2007,10,18,1,30,0,0,0,9,11,1000.0,258.7,0.4,0.131
2007,10,18,2,30,0,0,0,9,11,1000.0,268.0,0.30000000000000004,0.131
2007,10,18,3,30,0,0,0,9,11,1000.0,277.90000000000003,0.1,0.131
2007,10,18,4,30,0,0,0,9,11,1000.0,285.1,0.1,0.131
2007,10,18,5,30,0,0,0,9,11,1000.0,281.40000000000003,0.30000000000000004,0.131
2007,10,18,6,30,0,7,7,11,12,1000.0,278.90000000000003,0.2,0.131
2007,10,18,7,30,0,71,71,13,14,1000.0,268.40000000000003,0.0,0.131
2007,10,18,8,30,0,126,126,13,16,1000.0,238.9,0.0,0.131
2007,10,18,9,30,151,242,320,14,19,1000.0,221.5,0.0,0.131
2007,10,18,10,30,25,233,248,14,20,1000.0,210.60000000000002,0.0,0.131
2007,10,18,11,30,117,286,358,14,21,1000.0,198.5,0.0,0.131
2007,10,18,12,30,40,245,269,14,21,1000.0,194.9,0.0,0.131
2007,10,18,13,30,89,232,279,14,21,1000.0,194.10000000000002,0.0,0.131
2007,10,18,14,30,72,171,202,14,21,990.0,196.20000000000002,0.0,0.131
2007,10,18,15,30,129,103,138,15,20,990.0,189.3,0.0,0.131
2007,10,18,16,30,0,22,22,15,18,990.0,174.4,0.0,0.131
2007,10,18,17,30,0,0,0,15,17,1000.0,172.10000000000002,0.0,0.131
2007,10,18,18,30,0,0,0,16,17,1000.0,172.70000000000002,0.0,0.131
2007,10,18,19,30,0,0,0,16,17,1000.0,175.4,0.0,0.131
2007,10,18,20,30,0,0,0,16,16,1000.0,179.5,0.0,0.131
2007,10,18,21,30,0,0,0,16,16,1000.0,186.20000000000002,0.0,0.131
2007,10,18,22,30,0,0,0,16,16,990.0,187.60000000000002,0.0,0.131
2007,10,18,23,30,0,0,0,16,16,990.0,190.10000000000002,0.0,0.131
2007,10,19,0,30,0,0,0,16,17,990.0,190.3,0.0,0.131
2007,10,19,1,30,0,0,0,16,17,990.0,188.9,0.0,0.131
2007,10,19,2,30,0,0,0,16,17,990.0,187.3,0.0,0.131
2007,10,19,3,30,0,0,0,16,17,990.0,184.9,0.0,0.131
2007,10,19,4,30,0,0,0,16,17,990.0,184.8,0.0,0.131
2007,10,19,5,30,0,0,0,16,17,990.0,184.60000000000002,0.0,0.131
2007,10,19,6,30,120,22,29,17,17,990.0,181.3,0.0,0.131
2007,10,19,7,30,448,71,176,18,18,990.0,174.70000000000002,0.0,0.131
2007,10,19,8,30,0,118,118,19,19,990.0,169.3,0.0,0.131
2007,10,19,9,30,0,66,66,20,20,990.0,164.10000000000002,0.0,0.131
2007,10,19,10,30,0,99,99,20,21,990.0,162.60000000000002,0.0,0.131
2007,10,19,11,30,0,157,157,20,22,990.0,165.60000000000002,0.0,0.131
2007,10,19,12,30,0,107,107,20,22,990.0,167.0,0.0,0.131
2007,10,19,13,30,0,140,140,20,21,990.0,166.70000000000002,0.0,0.131
2007,10,19,14,30,0,78,78,20,20,990.0,163.9,0.0,0.131
2007,10,19,15,30,0,61,61,19,20,990.0,158.60000000000002,0.0,0.131
2007,10,19,16,30,0,14,14,19,20,990.0,163.20000000000002,0.0,0.131
2007,10,19,17,30,0,0,0,19,20,990.0,173.3,0.0,0.131
2007,10,19,18,30,0,0,0,19,20,990.0,169.9,0.0,0.131
2007,10,19,19,30,0,0,0,19,20,980.0,171.10000000000002,0.0,0.131
2007,10,19,20,30,0,0,0,19,20,980.0,175.3,0.0,0.131
2007,10,19,21,30,0,0,0,19,20,980.0,180.10000000000002,0.0,0.131
2007,10,19,22,30,0,0,0,19,20,980.0,193.0,0.0,0.131
2007,10,19,23,30,0,0,0,19,20,980.0,202.0,0.0,0.131
2007,10,20,0,30,0,0,0,19,19,980.0,213.10000000000002,0.0,0.131
2007,10,20,1,30,0,0,0,18,18,980.0,219.20000000000002,0.0,0.131
2007,10,20,2,30,0,0,0,17,18,980.0,243.20000000000002,0.0,0.131
2007,10,20,3,30,0,0,0,16,17,980.0,259.6,0.0,0.131
2007,10,20,4,30,0,0,0,15,16,990.0,289.5,0.0,0.131
2007,10,20,5,30,0,0,0,14,15,990.0,281.8,0.0,0.131
2007,10,20,6,30,41,19,22,14,15,990.0,255.3,0.0,0.131
2007,10,20,7,30,573,56,189,15,16,990.0,230.5,0.0,0.131
2007,10,20,8,30,738,74,358,16,17,990.0,227.5,0.0,0.131
2007,10,20,9,30,300,208,359,14,19,990.0,233.4,0.0,0.131
2007,10,20,10,30,241,260,400,12,20,990.0,237.5,0.0,0.131
2007,10,20,11,30,256,275,430,11,20,990.0,238.70000000000002,0.0,0.131
2007,10,20,12,30,0,36,36,11,20,990.0,241.60000000000002,0.0,0.131
2007,10,20,13,30,265,221,359,10,20,990.0,247.4,0.0,0.131
2007,10,20,14,30,704,89,374,10,19,990.0,255.60000000000002,0.0,0.131
2007,10,20,15,30,0,7,7,10,18,990.0,261.7,0.0,0.131
2007,10,20,16,30,0,1,1,10,16,990.0,265.40000000000003,0.0,0.131
2007,10,20,17,30,0,0,0,10,15,990.0,268.40000000000003,0.0,0.131
2007,10,20,18,30,0,0,0,10,14,990.0,270.40000000000003,0.0,0.131
2007,10,20,19,30,0,0,0,10,14,990.0,273.40000000000003,0.0,0.131
2007,10,20,20,30,0,0,0,10,13,990.0,275.40000000000003,0.0,0.131
2007,10,20,21,30,0,0,0,9,13,990.0,275.6,0.0,0.131
2007,10,20,22,30,0,0,0,9,12,990.0,273.90000000000003,0.0,0.131
2007,10,20,23,30,0,0,0,9,12,990.0,273.2,0.0,0.131
2007,10,21,0,30,0,0,0,8,11,1000.0,273.0,0.0,0.131
2007,10,21,1,30,0,0,0,8,11,1000.0,271.0,0.0,0.131
2007,10,21,2,30,0,0,0,8,10,1000.0,264.2,0.0,0.131
2007,10,21,3,30,0,0,0,8,10,1000.0,260.0,0.0,0.131
2007,10,21,4,30,0,0,0,8,9,1000.0,259.90000000000003,0.0,0.131
2007,10,21,5,30,0,0,0,7,8,1000.0,256.1,0.0,0.131
2007,10,21,6,30,226,18,29,7,9,1000.0,256.2,0.0,0.131
2007,10,21,7,30,610,49,188,7,12,1000.0,250.8,0.0,0.131
2007,10,21,8,30,761,65,354,7,15,1000.0,258.7,0.0,0.131
2007,10,21,9,30,832,74,489,7,18,1000.0,278.8,0.0,0.131
2007,10,21,10,30,867,79,577,7,20,1000.0,278.5,0.0,0.131
2007,10,21,11,30,880,80,611,7,21,1000.0,260.1,0.0,0.131
2007,10,21,12,30,875,77,587,7,22,1000.0,243.8,0.0,0.131
2007,10,21,13,30,847,72,506,8,22,1000.0,237.60000000000002,0.0,0.131
2007,10,21,14,30,785,63,377,9,21,1000.0,234.20000000000002,0.0,0.131
2007,10,21,15,30,658,49,214,9,20,1000.0,229.60000000000002,0.0,0.131
2007,10,21,16,30,344,22,49,11,17,1000.0,220.60000000000002,0.0,0.131
2007,10,21,17,30,0,0,0,10,15,1000.0,214.9,0.0,0.131
2007,10,21,18,30,0,0,0,10,15,1000.0,213.3,0.0,0.131
2007,10,21,19,30,0,0,0,10,14,1000.0,214.8,0.0,0.131
2007,10,21,20,30,0,0,0,10,13,1000.0,219.70000000000002,0.0,0.131
2007,10,21,21,30,0,0,0,10,13,1000.0,223.5,0.0,0.131
2007,10,21,22,30,0,0,0,11,12,1000.0,225.0,0.0,0.131
2007,10,21,23,30,0,0,0,11,12,1000.0,226.70000000000002,0.0,0.131
2007,10,22,0,30,0,0,0,11,11,1010.0,228.70000000000002,0.0,0.131
2007,10,22,1,30,0,0,0,9,11,1010.0,231.4,0.0,0.131
2007,10,22,2,30,0,0,0,9,10,1010.0,234.5,0.0,0.131
2007,10,22,3,30,0,0,0,9,10,1010.0,238.9,0.0,0.131
2007,10,22,4,30,0,0,0,9,9,1010.0,241.4,0.0,0.131
2007,10,22,5,30,0,0,0,9,9,1010.0,243.20000000000002,0.0,0.131
2007,10,22,6,30,244,16,28,9,10,1010.0,242.60000000000002,0.0,0.131
2007,10,22,7,30,630,48,189,9,13,1010.0,234.20000000000002,0.0,0.131
2007,10,22,8,30,788,63,360,10,17,1010.0,214.9,0.0,0.131
2007,10,22,9,30,865,71,499,10,20,1000.0,225.10000000000002,0.0,0.131
2007,10,22,10,30,903,76,590,10,23,1000.0,223.9,0.0,0.131
2007,10,22,11,30,915,77,624,9,24,1000.0,220.9,0.0,0.131
2007,10,22,12,30,513,192,489,8,25,1000.0,219.70000000000002,0.0,0.131
2007,10,22,13,30,866,73,513,8,25,1000.0,219.0,0.0,0.131
2007,10,22,14,30,791,66,379,9,24,1000.0,217.8,0.0,0.131
2007,10,22,15,30,576,54,196,10,21,1000.0,212.3,0.0,0.131
2007,10,22,16,30,301,23,45,11,18,1000.0,203.10000000000002,0.0,0.131
2007,10,22,17,30,0,0,0,10,16,1000.0,197.8,0.0,0.131
2007,10,22,18,30,0,0,0,11,16,1000.0,198.10000000000002,0.0,0.131
2007,10,22,19,30,0,0,0,12,15,1000.0,191.4,0.0,0.131
2007,10,22,20,30,0,0,0,13,15,1000.0,188.60000000000002,0.0,0.131
2007,10,22,21,30,0,0,0,14,14,1000.0,190.0,0.0,0.131
2007,10,22,22,30,0,0,0,14,14,1000.0,192.0,0.0,0.131
2007,10,22,23,30,0,0,0,14,15,1000.0,193.9,0.0,0.131
2007,10,23,0,30,0,0,0,14,14,1000.0,196.60000000000002,0.0,0.131
2007,10,23,1,30,0,0,0,14,14,1000.0,199.8,0.0,0.131
2007,10,23,2,30,0,0,0,14,14,1000.0,201.20000000000002,0.0,0.131
2007,10,23,3,30,0,0,0,14,14,1000.0,197.20000000000002,0.0,0.131
2007,10,23,4,30,0,0,0,14,14,1000.0,188.8,0.0,0.131
2007,10,23,5,30,0,0,0,14,15,1000.0,183.3,0.0,0.131
2007,10,23,6,30,0,5,5,16,16,1000.0,181.70000000000002,0.0,0.131
2007,10,23,7,30,0,41,41,16,18,1000.0,186.60000000000002,0.0,0.131
2007,10,23,8,30,0,106,106,17,19,1000.0,195.5,0.0,0.131
2007,10,23,9,30,0,104,104,17,20,990.0,202.9,0.0,0.131
2007,10,23,10,30,140,264,344,17,21,990.0,205.3,0.0,0.131
2007,10,23,11,30,96,269,326,16,22,990.0,202.5,0.0,0.131
2007,10,23,12,30,54,243,274,16,23,990.0,201.0,0.0,0.131
2007,10,23,13,30,130,223,289,16,23,990.0,202.70000000000002,0.0,0.131
2007,10,23,14,30,0,76,76,16,22,990.0,201.4,0.0,0.131
2007,10,23,15,30,0,70,70,16,21,990.0,197.4,0.0,0.131
2007,10,23,16,30,0,12,12,17,20,990.0,194.8,0.0,0.131
2007,10,23,17,30,0,0,0,17,19,990.0,194.8,0.0,0.131
2007,10,23,18,30,0,0,0,17,19,990.0,196.9,0.0,0.131
2007,10,23,19,30,0,0,0,18,19,990.0,202.20000000000002,0.0,0.129
2007,10,23,20,30,0,0,0,18,19,990.0,210.3,0.0,0.129
2007,10,23,21,30,0,0,0,18,19,990.0,219.70000000000002,0.0,0.129
2007,10,23,22,30,0,0,0,17,18,990.0,236.20000000000002,0.0,0.129
2007,10,23,23,30,0,0,0,16,17,990.0,276.2,0.0,0.129
2007,10,24,0,30,0,0,0,15,16,990.0,302.90000000000003,0.0,0.129
2007,10,24,1,30,0,0,0,14,14,990.0,314.20000000000005,0.0,0.129
2007,10,24,2,30,0,0,0,13,14,990.0,317.8,0.0,0.129
2007,10,24,3,30,0,0,0,13,13,990.0,329.40000000000003,0.0,0.129
2007,10,24,4,30,0,0,0,13,13,990.0,335.1,0.0,0.129
2007,10,24,5,30,0,0,0,11,13,990.0,346.5,0.0,0.129
2007,10,24,6,30,0,1,1,11,13,990.0,8.8,0.0,0.129
2007,10,24,7,30,0,28,28,11,13,990.0,41.6,0.0,0.129
2007,10,24,8,30,0,47,47,12,13,1000.0,39.300000000000004,0.0,0.129
2007,10,24,9,30,0,69,69,11,14,1000.0,353.3,0.0,0.129
2007,10,24,10,30,0,158,158,11,14,1000.0,345.0,0.0,0.129
2007,10,24,11,30,0,101,101,11,14,1000.0,355.0,0.0,0.129
2007,10,24,12,30,0,119,119,10,15,1000.0,351.90000000000003,0.0,0.129
2007,10,24,13,30,9,172,177,10,14,1000.0,344.0,0.0,0.129
2007,10,24,14,30,0,111,111,10,14,1000.0,346.3,0.0,0.129
2007,10,24,15,30,23,86,91,10,13,1000.0,358.20000000000005,0.0,0.129
2007,10,24,16,30,0,17,17,10,12,1000.0,9.1,0.0,0.129
2007,10,24,17,30,0,0,0,10,12,1000.0,14.600000000000001,0.0,0.129
2007,10,24,18,30,0,0,0,10,11,1000.0,23.5,0.0,0.129
2007,10,24,19,30,0,0,0,10,11,1000.0,31.700000000000003,0.0,0.129
2007,10,24,20,30,0,0,0,9,11,1000.0,35.0,0.0,0.129
2007,10,24,21,30,0,0,0,9,11,1000.0,34.300000000000004,0.0,0.129
2007,10,24,22,30,0,0,0,9,11,1000.0,21.400000000000002,0.0,0.129
2007,10,24,23,30,0,0,0,9,11,1000.0,11.0,0.0,0.129
2007,10,25,0,30,0,0,0,9,10,1000.0,9.600000000000001,0.0,0.129
2007,10,25,1,30,0,0,0,9,10,1000.0,15.200000000000001,0.0,0.129
2007,10,25,2,30,0,0,0,9,10,1000.0,308.5,0.0,0.129
2007,10,25,3,30,0,0,0,9,9,1000.0,10.100000000000001,0.0,0.129
2007,10,25,4,30,0,0,0,9,9,1010.0,27.3,0.0,0.129
2007,10,25,5,30,0,0,0,9,9,1010.0,21.3,0.0,0.129
2007,10,25,6,30,0,1,1,8,9,1010.0,22.5,0.0,0.129
2007,10,25,7,30,0,11,11,9,9,1010.0,31.5,0.0,0.129
2007,10,25,8,30,0,107,107,8,10,1010.0,43.300000000000004,0.0,0.129
2007,10,25,9,30,32,188,204,8,10,1010.0,47.1,0.0,0.129
2007,10,25,10,30,69,241,280,7,11,1010.0,49.0,0.0,0.129
2007,10,25,11,30,875,80,591,6,13,1010.0,48.2,0.0,0.129
2007,10,25,12,30,883,76,572,5,14,1010.0,47.1,0.0,0.129
2007,10,25,13,30,863,71,496,4,15,1010.0,47.0,0.0,0.129
2007,10,25,14,30,807,62,368,4,15,1010.0,48.6,0.0,0.129
2007,10,25,15,30,672,48,203,4,14,1010.0,51.6,0.0,0.129
2007,10,25,16,30,302,20,37,4,11,1010.0,56.1,0.0,0.129
2007,10,25,17,30,0,0,0,4,9,1010.0,59.800000000000004,0.0,0.129
2007,10,25,18,30,0,0,0,3,8,1010.0,62.300000000000004,0.0,0.129
2007,10,25,19,30,0,0,0,3,7,1010.0,66.0,0.0,0.129
2007,10,25,20,30,0,0,0,3,6,1010.0,76.4,0.0,0.129
2007,10,25,21,30,0,0,0,3,6,1010.0,83.5,0.0,0.129
2007,10,25,22,30,0,0,0,3,5,1010.0,73.10000000000001,0.1,0.129
2007,10,25,23,30,0,0,0,3,5,1010.0,63.800000000000004,0.0,0.129
2007,10,26,0,30,0,0,0,3,4,1010.0,58.800000000000004,0.0,0.129
2007,10,26,1,30,0,0,0,2,4,1010.0,56.5,0.0,0.129
2007,10,26,2,30,0,0,0,2,4,1010.0,52.800000000000004,0.0,0.129
2007,10,26,3,30,0,0,0,4,4,1010.0,47.300000000000004,0.0,0.129
2007,10,26,4,30,0,0,0,4,4,1010.0,46.2,0.0,0.129
2007,10,26,5,30,0,0,0,4,4,1010.0,45.7,0.0,0.129
2007,10,26,6,30,150,14,19,4,6,1010.0,48.5,0.0,0.129
2007,10,26,7,30,543,53,165,5,8,1020.0,57.900000000000006,0.0,0.129
2007,10,26,8,30,522,99,286,5,10,1010.0,77.2,0.0,0.129
2007,10,26,9,30,518,148,395,4,13,1010.0,90.60000000000001,0.0,0.129
2007,10,26,10,30,344,225,415,3,14,1010.0,100.30000000000001,0.0,0.129
2007,10,26,11,30,469,208,480,3,15,1010.0,105.7,0.0,0.129
2007,10,26,12,30,152,253,338,3,15,1010.0,109.80000000000001,0.0,0.129
2007,10,26,13,30,109,213,266,4,15,1010.0,111.9,0.0,0.129
2007,10,26,14,30,30,143,155,5,14,1010.0,112.4,0.0,0.129
2007,10,26,15,30,9,80,82,6,13,1010.0,112.30000000000001,0.0,0.129
2007,10,26,16,30,0,12,12,6,12,1010.0,110.4,0.0,0.129
2007,10,26,17,30,0,0,0,7,11,1010.0,108.4,0.0,0.129
2007,10,26,18,30,0,0,0,7,11,1010.0,103.4,0.0,0.129
2007,10,26,19,30,0,0,0,8,10,1010.0,98.4,0.0,0.129
2007,10,26,20,30,0,0,0,8,10,1010.0,97.5,0.0,0.129
2007,10,26,21,30,0,0,0,9,10,1010.0,98.80000000000001,0.0,0.129
2007,10,26,22,30,0,0,0,9,10,1010.0,105.4,0.0,0.129
2007,10,26,23,30,0,0,0,9,10,1010.0,108.60000000000001,0.0,0.129
2007,10,27,0,30,0,0,0,9,11,1010.0,114.9,0.0,0.129
2007,10,27,1,30,0,0,0,11,11,1010.0,122.10000000000001,0.0,0.129
2007,10,27,2,30,0,0,0,11,12,1010.0,127.30000000000001,0.0,0.129
2007,10,27,3,30,0,0,0,11,12,1000.0,137.70000000000002,0.0,0.129
2007,10,27,4,30,0,0,0,13,13,1000.0,145.4,0.0,0.129
2007,10,27,5,30,0,0,0,13,14,1000.0,148.4,0.0,0.129
2007,10,27,6,30,0,1,1,14,14,1000.0,152.3,0.0,0.129
2007,10,27,7,30,0,3,3,15,15,1000.0,164.20000000000002,0.0,0.129
2007,10,27,8,30,0,17,17,16,16,1000.0,168.60000000000002,0.0,0.129
2007,10,27,9,30,0,65,65,17,17,1000.0,174.3,0.0,0.129
2007,10,27,10,30,0,83,83,18,18,1000.0,179.20000000000002,0.0,0.129
2007,10,27,11,30,0,125,125,18,19,1000.0,182.9,0.0,0.129
2007,10,27,12,30,0,57,57,19,19,1000.0,182.10000000000002,0.0,0.129
2007,10,27,13,30,0,99,99,18,19,990.0,180.5,0.0,0.129
2007,10,27,14,30,0,33,33,18,19,990.0,174.9,0.0,0.129
2007,10,27,15,30,5,78,79,18,18,990.0,181.60000000000002,0.0,0.129
2007,10,27,16,30,0,11,11,17,18,990.0,204.4,0.0,0.129
2007,10,27,17,30,0,0,0,16,17,1000.0,228.10000000000002,0.0,0.129
2007,10,27,18,30,0,0,0,15,16,1000.0,251.0,0.0,0.129
2007,10,27,19,30,0,0,0,14,14,1000.0,258.2,0.0,0.129
2007,10,27,20,30,0,0,0,13,13,1000.0,260.0,0.0,0.129
2007,10,27,21,30,0,0,0,11,12,1000.0,257.2,0.0,0.129
2007,10,27,22,30,0,0,0,9,11,1000.0,252.0,0.0,0.129
2007,10,27,23,30,0,0,0,9,10,1000.0,244.9,0.0,0.129
2007,10,28,0,30,0,0,0,9,10,1000.0,238.5,0.0,0.129
2007,10,28,1,30,0,0,0,9,9,1000.0,240.9,0.0,0.129
2007,10,28,2,30,0,0,0,8,9,1000.0,249.70000000000002,0.0,0.129
2007,10,28,3,30,0,0,0,8,8,1000.0,261.90000000000003,0.0,0.129
2007,10,28,4,30,0,0,0,7,8,1000.0,273.6,0.0,0.129
2007,10,28,5,30,0,0,0,6,7,1000.0,292.1,0.0,0.129
2007,10,28,6,30,144,12,16,5,7,1000.0,303.40000000000003,0.0,0.129
2007,10,28,7,30,634,47,173,3,7,1010.0,308.70000000000005,0.0,0.129
2007,10,28,8,30,816,61,346,1,8,1010.0,317.3,0.0,0.129
2007,10,28,9,30,899,68,487,0,9,1010.0,323.40000000000003,0.0,0.129
2007,10,28,10,30,935,72,579,0,10,1010.0,324.70000000000005,0.0,0.129
2007,10,28,11,30,943,74,611,-1,10,1010.0,323.3,0.0,0.129
2007,10,28,12,30,931,73,583,-2,11,1010.0,320.40000000000003,0.0,0.129
2007,10,28,13,30,894,70,497,-2,10,1010.0,317.6,0.0,0.129
2007,10,28,14,30,818,62,361,-2,10,1010.0,315.70000000000005,0.0,0.129
2007,10,28,15,30,663,48,192,-2,9,1010.0,315.40000000000003,0.0,0.129
2007,10,28,16,30,257,17,29,-2,7,1010.0,314.5,0.0,0.129
2007,10,28,17,30,0,0,0,-2,6,1010.0,314.5,0.0,0.129
2007,10,28,18,30,0,0,0,-2,5,1010.0,318.0,0.0,0.129
2007,10,28,19,30,0,0,0,-1,4,1010.0,321.8,0.0,0.129
2007,10,28,20,30,0,0,0,-1,3,1010.0,322.5,0.0,0.129
2007,10,28,21,30,0,0,0,-1,2,1010.0,320.40000000000003,0.0,0.129
2007,10,28,22,30,0,0,0,-1,2,1010.0,321.5,0.0,0.129
2007,10,28,23,30,0,0,0,-1,1,1010.0,323.20000000000005,0.0,0.129
2007,10,29,0,30,0,0,0,-1,0,1010.0,318.5,0.0,0.129
2007,10,29,1,30,0,0,0,-1,0,1010.0,318.0,0.0,0.129
2007,10,29,2,30,0,0,0,-1,0,1010.0,318.1,0.0,0.129
2007,10,29,3,30,0,0,0,-1,0,1010.0,318.6,0.0,0.129
2007,10,29,4,30,0,0,0,-1,-1,1010.0,315.20000000000005,0.0,0.129
2007,10,29,5,30,0,0,0,-2,-1,1010.0,313.20000000000005,0.0,0.129
2007,10,29,6,30,139,11,14,-2,0,1010.0,311.70000000000005,0.0,0.129
2007,10,29,7,30,625,48,170,-2,1,1010.0,311.0,0.0,0.129
2007,10,29,8,30,555,89,281,-4,4,1010.0,334.6,0.0,0.129
2007,10,29,9,30,586,124,396,-6,5,1010.0,328.5,0.0,0.129
2007,10,29,10,30,875,93,563,-7,7,1010.0,318.5,0.0,0.129
2007,10,29,11,30,909,87,600,-7,8,1010.0,310.40000000000003,0.0,0.129
2007,10,29,12,30,910,81,574,-7,9,1010.0,303.90000000000003,0.0,0.129
2007,10,29,13,30,871,76,488,-7,9,1010.0,298.6,0.0,0.129
2007,10,29,14,30,790,67,352,-7,9,1010.0,293.5,0.0,0.129
2007,10,29,15,30,632,50,185,-6,7,1010.0,290.40000000000003,0.0,0.129
2007,10,29,16,30,225,16,25,-3,4,1010.0,285.2,0.4,0.129
2007,10,29,17,30,0,0,0,-4,3,1010.0,284.3,0.7000000000000001,0.129
2007,10,29,18,30,0,0,0,-3,3,1010.0,279.0,0.6000000000000001,0.129
2007,10,29,19,30,0,0,0,-3,3,1010.0,266.0,0.4,0.129
2007,10,29,20,30,0,0,0,-2,3,1010.0,252.8,0.2,0.129
2007,10,29,21,30,0,0,0,-2,3,1010.0,239.60000000000002,0.0,0.129
2007,10,29,22,30,0,0,0,-2,2,1010.0,232.9,0.0,0.129
2007,10,29,23,30,0,0,0,-1,2,1010.0,235.10000000000002,0.0,0.129
2007,10,30,0,30,0,0,0,-1,2,1010.0,239.8,0.0,0.129
2007,10,30,1,30,0,0,0,0,2,1010.0,247.4,0.0,0.129
2007,10,30,2,30,0,0,0,0,2,1010.0,254.3,0.0,0.129
2007,10,30,3,30,0,0,0,0,2,1010.0,261.90000000000003,0.0,0.129
2007,10,30,4,30,0,0,0,0,1,1010.0,268.90000000000003,0.0,0.129
2007,10,30,5,30,0,0,0,0,1,1010.0,274.3,0.0,0.129
2007,10,30,6,30,0,0,0,1,2,1010.0,279.0,0.0,0.129
2007,10,30,7,30,486,56,148,1,5,1010.0,280.7,0.0,0.129
2007,10,30,8,30,681,79,311,2,9,1010.0,273.3,0.0,0.129
2007,10,30,9,30,776,91,446,4,12,1010.0,307.0,0.0,0.129
2007,10,30,10,30,839,91,537,4,14,1010.0,312.5,0.0,0.129
2007,10,30,11,30,856,91,570,4,15,1010.0,302.3,0.0,0.129
2007,10,30,12,30,847,88,544,4,15,1010.0,294.7,0.0,0.129
2007,10,30,13,30,810,82,461,4,16,1010.0,289.40000000000003,0.0,0.129
2007,10,30,14,30,731,71,331,4,15,1010.0,283.8,0.0,0.129
2007,10,30,15,30,563,52,170,5,13,1010.0,275.6,0.30000000000000004,0.129
2007,10,30,16,30,150,15,20,6,11,1010.0,270.1,0.7000000000000001,0.129
2007,10,30,17,30,0,0,0,5,11,1010.0,267.6,0.9,0.129
2007,10,30,18,30,0,0,0,5,10,1010.0,265.5,0.8,0.129
2007,10,30,19,30,0,0,0,5,10,1010.0,260.40000000000003,0.8,0.129
2007,10,30,20,30,0,0,0,5,9,1010.0,251.5,0.8,0.129
2007,10,30,21,30,0,0,0,5,9,1010.0,235.70000000000002,0.8,0.129
2007,10,30,22,30,0,0,0,5,8,1010.0,220.0,0.8,0.129
2007,10,30,23,30,0,0,0,5,7,1010.0,211.10000000000002,0.9,0.129
2007,10,31,0,30,0,0,0,4,6,1010.0,208.10000000000002,0.8,0.129
2007,10,31,1,30,0,0,0,4,5,1010.0,206.10000000000002,0.7000000000000001,0.129
2007,10,31,2,30,0,0,0,4,5,1010.0,203.10000000000002,0.5,0.129
2007,10,31,3,30,0,0,0,4,5,1010.0,202.3,0.2,0.129
2007,10,31,4,30,0,0,0,4,5,1010.0,197.60000000000002,0.0,0.129
2007,10,31,5,30,0,0,0,4,5,1010.0,190.0,0.0,0.129
2007,10,31,6,30,0,0,0,6,6,1010.0,184.60000000000002,0.0,0.129
2007,10,31,7,30,326,59,120,7,9,1010.0,186.3,0.0,0.129
2007,10,31,8,30,385,113,243,7,11,1010.0,185.10000000000002,0.0,0.129
2007,10,31,9,30,460,152,360,7,13,1010.0,194.4,0.0,0.129
2007,10,31,10,30,394,203,411,6,14,1010.0,200.5,0.0,0.129
2007,10,31,11,30,512,185,469,6,15,1010.0,199.70000000000002,0.0,0.129
2007,10,31,12,30,816,102,536,5,16,1010.0,197.0,0.0,0.129
2007,10,31,13,30,642,110,408,6,16,1010.0,193.5,0.0,0.129
2007,10,31,14,30,699,80,325,6,15,1010.0,191.60000000000002,0.0,0.129
2007,10,31,15,30,520,58,164,7,14,1000.0,188.5,0.0,0.129
2007,10,31,16,30,113,14,18,7,13,1000.0,184.5,0.0,0.129
2007,10,31,17,30,0,0,0,8,12,1000.0,182.70000000000002,0.0,0.129
2007,10,31,18,30,0,0,0,8,11,1000.0,183.9,0.0,0.129
2017,10,31,19,30,0,0,0,0,3,1000.0,274.90000000000003,0.0,0.127
2017,10,31,20,30,0,0,0,0,3,1000.0,280.5,0.0,0.127
2017,10,31,21,30,0,0,0,0,2,1000.0,287.0,0.0,0.127
2017,10,31,22,30,0,0,0,0,2,1010.0,294.2,0.0,0.127
2017,10,31,23,30,0,0,0,0,2,1010.0,304.6,0.0,0.127
2017,11,1,0,30,0,0,0,0,2,1010.0,319.5,0.0,0.127
2017,11,1,1,30,0,0,0,0,2,1010.0,333.5,0.2,0.127
2017,11,1,2,30,0,0,0,0,3,1010.0,349.1,0.6000000000000001,0.127
2017,11,1,3,30,0,0,0,0,3,1010.0,13.8,0.8,0.127
2017,11,1,4,30,0,0,0,0,2,1010.0,42.7,0.8,0.127
2017,11,1,5,30,0,0,0,0,2,1010.0,66.2,0.5,0.127
2017,11,1,6,30,0,0,0,0,2,1010.0,86.10000000000001,0.1,0.127
2017,11,1,7,30,0,47,47,1,4,1010.0,105.5,0.0,0.127
2017,11,1,8,30,0,101,101,0,7,1010.0,120.0,0.0,0.127
2017,11,1,9,30,0,85,85,0,9,1010.0,141.8,0.0,0.127
2017,11,1,10,30,0,156,156,0,9,1010.0,151.20000000000002,0.0,0.127
2017,11,1,11,30,0,115,115,0,10,1010.0,154.0,0.0,0.127
2017,11,1,12,30,78,229,270,1,10,1010.0,154.70000000000002,0.0,0.127
2017,11,1,13,30,0,139,139,1,10,1010.0,148.20000000000002,0.0,0.127
2017,11,1,14,30,0,75,75,2,9,1010.0,132.20000000000002,0.0,0.127
2017,11,1,15,30,0,36,36,4,8,1010.0,123.2,0.0,0.127
2017,11,1,16,30,0,2,2,5,7,1010.0,113.2,0.0,0.127
2017,11,1,17,30,0,0,0,4,6,1010.0,113.2,0.0,0.127
2017,11,1,18,30,0,0,0,4,6,1010.0,117.0,0.0,0.127
2017,11,1,19,30,0,0,0,4,6,1010.0,125.9,0.0,0.127
2017,11,1,20,30,0,0,0,5,7,1010.0,131.70000000000002,0.0,0.127
2017,11,1,21,30,0,0,0,6,8,1010.0,150.8,0.0,0.127
2017,11,1,22,30,0,0,0,7,9,1010.0,162.4,0.0,0.127
2017,11,1,23,30,0,0,0,8,9,1010.0,162.4,0.0,0.127
2017,11,2,0,30,0,0,0,9,10,1010.0,160.10000000000002,0.0,0.127
2017,11,2,1,30,0,0,0,9,11,1010.0,159.60000000000002,0.0,0.127
2017,11,2,2,30,0,0,0,11,11,1010.0,157.5,0.0,0.127
2017,11,2,3,30,0,0,0,11,12,1010.0,158.5,0.0,0.127
2017,11,2,4,30,0,0,0,11,13,1010.0,166.3,0.0,0.127
2017,11,2,5,30,0,0,0,11,13,1010.0,169.9,0.0,0.127
2017,11,2,6,30,0,0,0,13,13,1010.0,174.0,0.0,0.127
2017,11,2,7,30,402,56,127,13,14,1010.0,172.70000000000002,0.0,0.127
2017,11,2,8,30,30,124,134,14,16,1010.0,169.9,0.0,0.127
2017,11,2,9,30,282,179,303,15,17,1010.0,181.10000000000002,0.0,0.127
2017,11,2,10,30,168,231,317,15,19,1010.0,189.0,0.0,0.127
2017,11,2,11,30,20,203,214,14,20,1010.0,192.4,0.0,0.127
2017,11,2,12,30,0,128,128,14,21,1010.0,192.60000000000002,0.0,0.127
2017,11,2,13,30,18,167,175,14,20,1010.0,193.10000000000002,0.0,0.127
2017,11,2,14,30,30,131,141,15,20,1010.0,191.60000000000002,0.0,0.127
2017,11,2,15,30,5,67,68,15,19,1010.0,185.70000000000002,0.0,0.127
2017,11,2,16,30,0,5,5,15,17,1010.0,179.4,0.0,0.127
2017,11,2,17,30,0,0,0,15,16,1010.0,175.10000000000002,0.0,0.127
2017,11,2,18,30,0,0,0,15,16,1000.0,173.70000000000002,0.0,0.127
2017,11,2,19,30,0,0,0,15,15,1000.0,175.70000000000002,0.0,0.127
2017,11,2,20,30,0,0,0,15,15,1000.0,181.5,0.0,0.127
2017,11,2,21,30,0,0,0,15,15,1000.0,184.60000000000002,0.0,0.127
2017,11,2,22,30,0,0,0,14,15,1000.0,187.60000000000002,0.0,0.127
2017,11,2,23,30,0,0,0,14,15,1000.0,189.70000000000002,0.0,0.127
2017,11,3,0,30,0,0,0,14,15,1000.0,192.10000000000002,0.0,0.127
2017,11,3,1,30,0,0,0,14,14,1000.0,192.4,0.0,0.127
2017,11,3,2,30,0,0,0,13,14,1000.0,191.20000000000002,0.0,0.127
2017,11,3,3,30,0,0,0,13,14,1000.0,185.10000000000002,0.0,0.127
2017,11,3,4,30,0,0,0,13,13,1000.0,182.70000000000002,0.0,0.127
2017,11,3,5,30,0,0,0,13,13,1000.0,185.4,0.0,0.127
2017,11,3,6,30,0,0,0,13,13,1000.0,184.5,0.0,0.127
2017,11,3,7,30,459,48,127,14,15,1000.0,183.70000000000002,0.0,0.127
2017,11,3,8,30,100,130,163,14,17,1000.0,187.8,0.0,0.127
2017,11,3,9,30,302,174,306,15,19,1000.0,198.9,0.0,0.127
2017,11,3,10,30,471,178,418,15,20,1000.0,203.8,0.0,0.127
2017,11,3,11,30,441,198,436,15,20,1000.0,208.70000000000002,0.0,0.127
2017,11,3,12,30,0,127,127,15,20,1000.0,214.8,0.0,0.127
2017,11,3,13,30,0,73,73,15,20,1000.0,223.4,0.0,0.127
2017,11,3,14,30,0,75,75,15,19,1000.0,242.5,0.0,0.127
2017,11,3,15,30,0,36,36,15,18,1000.0,268.40000000000003,0.0,0.127
2017,11,3,16,30,0,2,2,14,16,1000.0,300.0,0.0,0.127
2017,11,3,17,30,0,0,0,11,14,1000.0,312.0,0.0,0.127
2017,11,3,18,30,0,0,0,9,12,1000.0,317.0,0.0,0.127
2017,11,3,19,30,0,0,0,6,10,1000.0,322.20000000000005,0.0,0.127
2017,11,3,20,30,0,0,0,4,8,1000.0,328.8,0.0,0.127
2017,11,3,21,30,0,0,0,3,8,1000.0,332.6,0.0,0.127
2017,11,3,22,30,0,0,0,3,7,1010.0,337.5,0.0,0.127
2017,11,3,23,30,0,0,0,2,6,1010.0,343.0,0.0,0.127
2017,11,4,0,30,0,0,0,2,6,1010.0,348.3,0.0,0.127
2017,11,4,1,30,0,0,0,1,5,1010.0,355.5,0.0,0.127
2017,11,4,2,30,0,0,0,1,4,1010.0,359.0,0.0,0.127
2017,11,4,3,30,0,0,0,1,3,1010.0,356.20000000000005,0.0,0.127
2017,11,4,4,30,0,0,0,1,2,1010.0,347.5,0.0,0.127
2017,11,4,5,30,0,0,0,1,2,1010.0,344.90000000000003,0.0,0.127
2017,11,4,6,30,0,0,0,1,2,1010.0,343.0,0.0,0.127
2017,11,4,7,30,561,42,137,1,4,1010.0,344.5,0.0,0.127
2017,11,4,8,30,747,62,299,0,7,1010.0,7.0,0.0,0.127
2017,11,4,9,30,544,125,361,0,9,1010.0,20.900000000000002,0.0,0.127
2017,11,4,10,30,618,132,446,-1,10,1010.0,29.900000000000002,0.0,0.127
2017,11,4,11,30,624,140,473,-1,11,1010.0,38.6,0.0,0.127
2017,11,4,12,30,480,175,421,-1,12,1010.0,53.7,0.0,0.127
2017,11,4,13,30,422,155,343,-1,12,1010.0,70.8,0.0,0.127
2017,11,4,14,30,442,109,255,-1,11,1010.0,93.80000000000001,0.0,0.127
2017,11,4,15,30,327,62,123,1,10,1010.0,117.80000000000001,0.1,0.127
2017,11,4,16,30,0,0,0,4,8,1010.0,121.4,0.30000000000000004,0.127
2017,11,4,17,30,0,0,0,3,6,1010.0,120.30000000000001,0.1,0.127
2017,11,4,18,30,0,0,0,2,6,1010.0,121.7,0.0,0.127
2017,11,4,19,30,0,0,0,2,6,1010.0,111.10000000000001,0.0,0.127
2017,11,4,20,30,0,0,0,3,6,1010.0,108.80000000000001,0.0,0.127
2017,11,4,21,30,0,0,0,3,5,1010.0,105.7,0.0,0.127
2017,11,4,22,30,0,0,0,3,5,1010.0,96.4,0.0,0.127
2017,11,4,23,30,0,0,0,3,5,1010.0,91.0,0.0,0.127
2017,11,5,0,30,0,0,0,3,5,1010.0,90.80000000000001,0.0,0.127
2017,11,5,1,30,0,0,0,3,5,1010.0,81.4,0.0,0.127
2017,11,5,2,30,0,0,0,3,4,1010.0,77.60000000000001,0.0,0.127
2017,11,5,3,30,0,0,0,3,4,1010.0,87.4,0.0,0.127
2017,11,5,4,30,0,0,0,4,4,1010.0,86.5,0.0,0.127
2017,11,5,5,30,0,0,0,4,5,1010.0,82.2,0.0,0.127
2017,11,5,6,30,0,0,0,4,5,1010.0,80.80000000000001,0.0,0.127
2017,11,5,7,30,404,52,118,4,7,1010.0,80.7,0.0,0.127
2017,11,5,8,30,0,74,74,5,9,1010.0,98.10000000000001,0.0,0.127
2017,11,5,9,30,0,129,129,6,11,1010.0,122.30000000000001,0.0,0.127
2017,11,5,10,30,0,75,75,7,12,1010.0,135.4,0.0,0.127
2017,11,5,11,30,0,61,61,8,13,1010.0,140.8,0.0,0.127
2017,11,5,12,30,5,170,173,9,13,1010.0,142.6,0.0,0.127
2017,11,5,13,30,0,121,121,10,13,1000.0,136.8,0.0,0.127
2017,11,5,14,30,0,68,68,10,12,1000.0,129.1,0.0,0.127
2017,11,5,15,30,0,31,31,11,12,1000.0,129.6,0.0,0.127
2017,11,5,16,30,0,0,0,11,12,1000.0,135.70000000000002,0.0,0.127
2017,11,5,17,30,0,0,0,11,12,1000.0,147.6,0.0,0.127
2017,11,5,18,30,0,0,0,11,12,1000.0,152.70000000000002,0.0,0.127
2017,11,5,19,30,0,0,0,11,13,1000.0,153.9,0.0,0.127
2017,11,5,20,30,0,0,0,11,13,1000.0,159.70000000000002,0.0,0.127
2017,11,5,21,30,0,0,0,13,13,1000.0,168.3,0.0,0.127
2017,11,5,22,30,0,0,0,13,14,1000.0,174.4,0.0,0.127
2017,11,5,23,30,0,0,0,14,14,1000.0,177.3,0.0,0.127
2017,11,6,0,30,0,0,0,14,14,1000.0,189.60000000000002,0.0,0.127
2017,11,6,1,30,0,0,0,14,14,1000.0,199.4,0.0,0.127
2017,11,6,2,30,0,0,0,13,14,1000.0,195.4,0.0,0.127
2017,11,6,3,30,0,0,0,13,14,1000.0,190.9,0.0,0.127
2017,11,6,4,30,0,0,0,13,14,1000.0,190.3,0.0,0.127
2017,11,6,5,30,0,0,0,14,14,990.0,188.20000000000002,0.0,0.127
2017,11,6,6,30,0,0,0,14,14,990.0,188.5,0.0,0.127
2017,11,6,7,30,0,1,1,14,15,990.0,190.9,0.0,0.127
2017,11,6,8,30,0,4,4,15,16,990.0,193.4,0.0,0.127
2017,11,6,9,30,0,6,6,15,17,990.0,197.70000000000002,0.0,0.127
2017,11,6,10,30,21,187,198,15,17,990.0,211.4,0.0,0.127
2017,11,6,11,30,0,96,96,15,18,990.0,214.3,0.0,0.127
2017,11,6,12,30,0,131,131,15,18,990.0,215.9,0.0,0.127
2017,11,6,13,30,0,24,24,15,17,990.0,220.9,0.0,0.127
2017,11,6,14,30,45,129,144,15,16,990.0,232.5,0.0,0.127
2017,11,6,15,30,19,64,67,14,15,990.0,266.0,0.0,0.127
2017,11,6,16,30,0,0,0,11,13,1000.0,301.8,0.0,0.127
2017,11,6,17,30,0,0,0,9,11,1000.0,309.5,0.0,0.127
2017,11,6,18,30,0,0,0,9,10,1000.0,312.3,0.0,0.127
2017,11,6,19,30,0,0,0,8,9,1000.0,320.1,0.0,0.127
2017,11,6,20,30,0,0,0,7,8,1000.0,330.0,0.0,0.127
2017,11,6,21,30,0,0,0,6,7,1000.0,337.1,0.0,0.127
2017,11,6,22,30,0,0,0,4,6,1000.0,339.8,0.0,0.127
2017,11,6,23,30,0,0,0,4,5,1000.0,339.6,0.0,0.127
2017,11,7,0,30,0,0,0,3,4,1000.0,340.1,0.0,0.127
2017,11,7,1,30,0,0,0,2,4,1000.0,343.0,0.0,0.127
2017,11,7,2,30,0,0,0,2,3,1000.0,343.5,0.0,0.127
2017,11,7,3,30,0,0,0,1,2,1000.0,346.40000000000003,0.0,0.127
2017,11,7,4,30,0,0,0,1,2,1000.0,349.5,0.0,0.127
2017,11,7,5,30,0,0,0,0,1,1000.0,356.8,0.0,0.127
2017,11,7,6,30,0,0,0,0,1,1010.0,359.3,0.0,0.127
2017,11,7,7,30,518,42,123,0,3,1010.0,6.800000000000001,0.0,0.127
2017,11,7,8,30,725,62,283,-1,4,1010.0,16.7,0.0,0.127
2017,11,7,9,30,813,74,416,-2,5,1010.0,18.8,0.0,0.127
2017,11,7,10,30,372,191,375,-2,6,1000.0,24.700000000000003,0.0,0.127
2017,11,7,11,30,44,214,238,-2,7,1000.0,14.8,0.0,0.127
2017,11,7,12,30,7,171,174,-2,7,1000.0,342.40000000000003,0.0,0.127
2017,11,7,13,30,0,98,98,-2,6,1000.0,352.3,0.0,0.127
2017,11,7,14,30,0,67,67,-2,5,1000.0,1.7000000000000002,0.0,0.127
2017,11,7,15,30,0,30,30,-1,5,1000.0,20.3,0.0,0.127
2017,11,7,16,30,0,0,0,0,4,1000.0,21.200000000000003,0.0,0.127
2017,11,7,17,30,0,0,0,0,3,1000.0,8.200000000000001,0.0,0.127
2017,11,7,18,30,0,0,0,1,3,1000.0,359.40000000000003,0.0,0.127
2017,11,7,19,30,0,0,0,1,2,1010.0,8.8,0.0,0.127
2017,11,7,20,30,0,0,0,1,2,1010.0,10.8,0.0,0.127
2017,11,7,21,30,0,0,0,1,1,1010.0,12.8,0.0,0.127
2017,11,7,22,30,0,0,0,0,1,1010.0,15.700000000000001,0.0,0.127
2017,11,7,23,30,0,0,0,0,1,1010.0,14.8,0.0,0.127
2017,11,8,0,30,0,0,0,0,1,1010.0,14.3,0.0,0.127
2017,11,8,1,30,0,0,0,0,0,1000.0,14.8,0.0,0.127
2017,11,8,2,30,0,0,0,0,0,1000.0,14.3,0.0,0.127
2017,11,8,3,30,0,0,0,0,0,1010.0,16.400000000000002,0.0,0.127
2017,11,8,4,30,0,0,0,0,0,1010.0,15.3,0.0,0.127
2017,11,8,5,30,0,0,0,0,0,1010.0,12.600000000000001,0.0,0.127
2017,11,8,6,30,0,0,0,0,0,1010.0,9.8,0.0,0.127
2017,11,8,7,30,20,54,57,0,0,1010.0,7.2,0.0,0.127
2017,11,8,8,30,61,118,137,-1,2,1010.0,15.100000000000001,0.0,0.127
2017,11,8,9,30,389,149,311,-2,4,1010.0,21.1,0.0,0.127
2017,11,8,10,30,298,202,348,-2,6,1010.0,22.8,0.0,0.127
2017,11,8,11,30,870,84,534,-1,7,1010.0,19.5,0.0,0.127
2017,11,8,12,30,866,81,510,-1,7,1010.0,15.100000000000001,0.0,0.127
2017,11,8,13,30,315,167,301,-1,8,1010.0,11.9,0.0,0.127
2017,11,8,14,30,223,126,196,-1,7,1010.0,11.3,0.0,0.127
2017,11,8,15,30,556,44,139,-1,6,1010.0,10.5,0.2,0.127
2017,11,8,16,30,0,0,0,0,4,1010.0,17.5,0.6000000000000001,0.127
2017,11,8,17,30,0,0,0,-1,3,1010.0,35.0,0.7000000000000001,0.127
2017,11,8,18,30,0,0,0,-1,2,1010.0,50.800000000000004,0.7000000000000001,0.127
2017,11,8,19,30,0,0,0,-1,1,1010.0,65.7,0.6000000000000001,0.122
2017,11,8,20,30,0,0,0,-2,0,1010.0,77.80000000000001,0.6000000000000001,0.122
2017,11,8,21,30,0,0,0,-2,0,1010.0,85.30000000000001,0.6000000000000001,0.122
2017,11,8,22,30,0,0,0,-2,0,1010.0,90.5,0.7000000000000001,0.122
2017,11,8,23,30,0,0,0,-2,0,1010.0,99.4,0.7000000000000001,0.122
2017,11,9,0,30,0,0,0,-2,0,1010.0,116.60000000000001,0.8,0.122
2017,11,9,1,30,0,0,0,-2,0,1010.0,130.3,0.8,0.122
2017,11,9,2,30,0,0,0,-2,-1,1010.0,131.6,0.7000000000000001,0.122
2017,11,9,3,30,0,0,0,-2,-1,1010.0,121.5,0.7000000000000001,0.122
2017,11,9,4,30,0,0,0,-2,-1,1010.0,107.0,0.7000000000000001,0.122
2017,11,9,5,30,0,0,0,-2,-1,1010.0,99.80000000000001,0.7000000000000001,0.122
2017,11,9,6,30,0,0,0,-2,-1,1010.0,102.2,0.5,0.122
2017,11,9,7,30,538,39,119,-2,0,1010.0,107.30000000000001,0.1,0.122
2017,11,9,8,30,746,58,280,-2,3,1010.0,104.10000000000001,0.0,0.122
2017,11,9,9,30,837,69,413,-3,6,1010.0,125.2,0.0,0.122
2017,11,9,10,30,870,76,498,-3,7,1000.0,145.1,0.0,0.122
2017,11,9,11,30,876,79,528,-2,8,1000.0,166.3,0.0,0.122
2017,11,9,12,30,854,80,499,-2,9,1000.0,178.5,0.0,0.122
2017,11,9,13,30,805,75,415,-1,9,1000.0,180.70000000000002,0.0,0.122
2017,11,9,14,30,703,66,285,0,8,1000.0,178.5,0.0,0.122
2017,11,9,15,30,493,47,129,2,6,1000.0,171.20000000000002,0.0,0.122
2017,11,9,16,30,0,0,0,3,5,1000.0,166.0,0.0,0.122
2017,11,9,17,30,0,0,0,3,5,1000.0,161.60000000000002,0.0,0.122
2017,11,9,18,30,0,0,0,4,5,1000.0,167.0,0.0,0.122
2017,11,9,19,30,0,0,0,4,5,1000.0,170.20000000000002,0.0,0.122
2017,11,9,20,30,0,0,0,4,5,1000.0,168.0,0.0,0.122
2017,11,9,21,30,0,0,0,4,5,1000.0,174.10000000000002,0.0,0.122
2017,11,9,22,30,0,0,0,4,6,1000.0,179.10000000000002,0.0,0.122
2017,11,9,23,30,0,0,0,4,6,990.0,186.0,0.0,0.122
2017,11,10,0,30,0,0,0,6,7,990.0,197.10000000000002,0.0,0.122
2017,11,10,1,30,0,0,0,7,7,990.0,214.60000000000002,0.0,0.122
2017,11,10,2,30,0,0,0,6,6,990.0,233.5,0.0,0.122
2017,11,10,3,30,0,0,0,4,5,1000.0,267.5,0.0,0.122
2017,11,10,4,30,0,0,0,2,3,1000.0,296.90000000000003,0.0,0.122
2017,11,10,5,30,0,0,0,-1,1,1000.0,305.90000000000003,0.0,0.122
2017,11,10,6,30,0,0,0,-5,0,1000.0,308.1,0.0,0.122
2017,11,10,7,30,531,42,119,-8,0,1000.0,308.70000000000005,0.0,0.122
2017,11,10,8,30,788,58,289,-11,0,1000.0,309.40000000000003,0.1,0.122
2017,11,10,9,30,890,66,428,-12,0,1000.0,309.40000000000003,0.1,0.122
2017,11,10,10,30,940,68,520,-13,0,1000.0,310.8,0.1,0.122
2017,11,10,11,30,957,68,555,-14,0,1000.0,312.0,0.1,0.122
2017,11,10,12,30,950,67,529,-15,0,1000.0,313.3,0.1,0.122
2017,11,10,13,30,906,65,444,-15,0,1000.0,315.3,0.1,0.122
2017,11,10,14,30,831,55,312,-16,0,1010.0,317.90000000000003,0.0,0.122
2017,11,10,15,30,658,39,146,-16,-1,1010.0,320.20000000000005,0.0,0.122
2017,11,10,16,30,0,0,0,-16,-3,1010.0,320.40000000000003,0.0,0.122
2017,11,10,17,30,0,0,0,-15,-4,1010.0,317.70000000000005,0.0,0.122
2017,11,10,18,30,0,0,0,-15,-4,1010.0,313.70000000000005,0.0,0.122
2017,11,10,19,30,0,0,0,-15,-5,1010.0,310.1,0.0,0.122
2017,11,10,20,30,0,0,0,-14,-5,1010.0,307.6,0.0,0.122
2017,11,10,21,30,0,0,0,-14,-5,1010.0,304.6,0.0,0.122
2017,11,10,22,30,0,0,0,-14,-5,1010.0,303.7,0.0,0.122
2017,11,10,23,30,0,0,0,-14,-5,1010.0,305.5,0.0,0.122
2017,11,11,0,30,0,0,0,-13,-5,1010.0,307.90000000000003,0.0,0.122
2017,11,11,1,30,0,0,0,-13,-5,1010.0,312.5,0.0,0.122
2017,11,11,2,30,0,0,0,-13,-5,1010.0,316.8,0.0,0.122
2017,11,11,3,30,0,0,0,-13,-5,1010.0,320.5,0.0,0.122
2017,11,11,4,30,0,0,0,-13,-5,1010.0,323.90000000000003,0.0,0.122
2017,11,11,5,30,0,0,0,-13,-6,1010.0,328.90000000000003,0.0,0.122
2017,11,11,6,30,0,0,0,-13,-5,1010.0,333.6,0.0,0.122
2017,11,11,7,30,572,37,118,-13,-4,1020.0,338.5,0.0,0.122
2017,11,11,8,30,782,57,282,-14,-3,1020.0,344.3,0.0,0.122
2017,11,11,9,30,878,67,421,-14,-1,1020.0,347.5,0.0,0.122
2017,11,11,10,30,919,73,511,-14,0,1020.0,348.5,0.0,0.122
2017,11,11,11,30,932,75,544,-14,0,1010.0,347.5,0.0,0.122
2017,11,11,12,30,919,74,517,-14,1,1010.0,348.1,0.0,0.122
2017,11,11,13,30,872,70,431,-14,2,1010.0,348.70000000000005,0.0,0.122
2017,11,11,14,30,779,60,297,-14,1,1010.0,351.20000000000005,0.0,0.122
2017,11,11,15,30,576,42,134,-12,0,1010.0,353.20000000000005,0.30000000000000004,0.122
2017,11,11,16,30,0,0,0,-9,-1,1010.0,353.70000000000005,0.7000000000000001,0.122
2017,11,11,17,30,0,0,0,-10,-2,1010.0,357.20000000000005,0.7000000000000001,0.122
2017,11,11,18,30,0,0,0,-9,-3,1020.0,4.2,0.6000000000000001,0.122
2017,11,11,19,30,0,0,0,-9,-3,1020.0,15.5,0.4,0.122
2017,11,11,20,30,0,0,0,-9,-3,1020.0,34.7,0.2,0.122
2017,11,11,21,30,0,0,0,-8,-2,1010.0,56.400000000000006,0.0,0.122
2017,11,11,22,30,0,0,0,-8,-2,1010.0,74.3,0.0,0.122
2017,11,11,23,30,0,0,0,-8,-2,1010.0,90.80000000000001,0.0,0.122
2017,11,12,0,30,0,0,0,-8,-2,1010.0,100.5,0.0,0.122
2017,11,12,1,30,0,0,0,-8,-2,1010.0,123.2,0.0,0.122
2017,11,12,2,30,0,0,0,-7,-2,1010.0,122.7,0.1,0.122
2017,11,12,3,30,0,0,0,-7,-2,1010.0,110.4,0.1,0.122
2017,11,12,4,30,0,0,0,-7,-2,1010.0,101.2,0.1,0.122
2017,11,12,5,30,0,0,0,-7,-2,1010.0,94.60000000000001,0.0,0.122
2017,11,12,6,30,0,0,0,-8,-2,1010.0,75.60000000000001,0.0,0.122
2017,11,12,7,30,391,45,99,-8,-1,1010.0,71.0,0.0,0.122
2017,11,12,8,30,638,73,254,-8,0,1010.0,90.4,0.0,0.122
2017,11,12,9,30,764,83,388,-8,2,1010.0,178.9,0.0,0.122
2017,11,12,10,30,839,83,480,-7,4,1010.0,203.70000000000002,0.0,0.122
2017,11,12,11,30,861,83,513,-7,5,1010.0,207.60000000000002,0.0,0.122
2017,11,12,12,30,852,79,487,-7,6,1010.0,206.4,0.0,0.122
2017,11,12,13,30,806,74,405,-7,6,1010.0,209.0,0.0,0.122
2017,11,12,14,30,704,64,276,-6,5,1010.0,212.3,0.1,0.122
2017,11,12,15,30,491,43,120,-3,3,1010.0,211.3,0.4,0.122
2017,11,12,16,30,0,0,0,-6,3,1010.0,205.70000000000002,0.4,0.122
2017,11,12,17,30,0,0,0,-7,3,1010.0,187.20000000000002,0.30000000000000004,0.122
2017,11,12,18,30,0,0,0,-6,3,1010.0,134.20000000000002,0.4,0.122
2017,11,12,19,30,0,0,0,-6,2,1010.0,120.4,0.6000000000000001,0.122
2017,11,12,20,30,0,0,0,-6,2,1010.0,122.4,0.7000000000000001,0.122
2017,11,12,21,30,0,0,0,-6,1,1010.0,124.9,0.8,0.122
2017,11,12,22,30,0,0,0,-5,1,1010.0,120.10000000000001,0.8,0.122
2017,11,12,23,30,0,0,0,-5,1,1010.0,109.0,0.8,0.122
2017,11,13,0,30,0,0,0,-5,0,1010.0,92.10000000000001,0.7000000000000001,0.122
2017,11,13,1,30,0,0,0,-4,0,1010.0,71.60000000000001,0.5,0.122
2017,11,13,2,30,0,0,0,-4,0,1010.0,62.800000000000004,0.2,0.122
2017,11,13,3,30,0,0,0,-3,0,1010.0,61.300000000000004,0.0,0.122
2017,11,13,4,30,0,0,0,-3,0,1010.0,52.7,0.0,0.122
2017,11,13,5,30,0,0,0,-3,0,1010.0,49.300000000000004,0.0,0.122
2017,11,13,6,30,0,0,0,-3,0,1010.0,46.300000000000004,0.0,0.122
2017,11,13,7,30,0,37,37,-3,0,1010.0,41.400000000000006,0.0,0.122
2017,11,13,8,30,0,96,96,-2,1,1010.0,21.200000000000003,0.0,0.122
2017,11,13,9,30,0,116,116,-1,3,1010.0,4.3,0.0,0.122
2017,11,13,10,30,4,159,161,0,4,1010.0,6.300000000000001,0.0,0.122
2017,11,13,11,30,0,57,57,0,4,1010.0,358.0,0.0,0.122
2017,11,13,12,30,102,207,256,0,4,1010.0,0.2,0.0,0.122
2017,11,13,13,30,0,77,77,0,4,1010.0,3.7,0.0,0.122
2017,11,13,14,30,0,52,52,1,3,1010.0,5.6000000000000005,0.0,0.122
2017,11,13,15,30,0,22,22,1,2,1010.0,5.300000000000001,0.0,0.122
2017,11,13,16,30,0,0,0,0,0,1010.0,11.9,0.0,0.122
2017,11,13,17,30,0,0,0,0,0,1010.0,11.200000000000001,0.0,0.122
2017,11,13,18,30,0,0,0,-1,0,1010.0,7.800000000000001,0.0,0.122
2017,11,13,19,30,0,0,0,0,0,1010.0,7.300000000000001,0.0,0.122
2017,11,13,20,30,0,0,0,0,0,1010.0,5.6000000000000005,0.0,0.122
2017,11,13,21,30,0,0,0,0,0,1010.0,2.3000000000000003,0.0,0.122
2017,11,13,22,30,0,0,0,0,0,1010.0,4.4,0.0,0.122
2017,11,13,23,30,0,0,0,0,0,1010.0,4.800000000000001,0.0,0.122
2017,11,14,0,30,0,0,0,0,0,1010.0,5.0,0.0,0.122
2017,11,14,1,30,0,0,0,0,0,1010.0,6.4,0.0,0.122
2017,11,14,2,30,0,0,0,0,0,1010.0,6.1000000000000005,0.0,0.122
2017,11,14,3,30,0,0,0,0,0,1010.0,3.7,0.0,0.122
2017,11,14,4,30,0,0,0,0,0,1010.0,4.1000000000000005,0.0,0.122
2017,11,14,5,30,0,0,0,0,0,1010.0,8.6,0.0,0.122
2017,11,14,6,30,0,0,0,0,0,1010.0,12.9,0.0,0.122
2017,11,14,7,30,0,13,13,0,0,1010.0,16.900000000000002,0.0,0.122
2017,11,14,8,30,0,36,36,0,0,1010.0,21.400000000000002,0.0,0.122
2017,11,14,9,30,0,101,101,0,1,1010.0,24.200000000000003,0.0,0.122
2017,11,14,10,30,42,188,208,0,2,1010.0,27.200000000000003,0.0,0.122
2017,11,14,11,30,0,43,43,0,3,1010.0,30.6,0.0,0.122
2017,11,14,12,30,0,36,36,-1,4,1010.0,29.1,0.0,0.122
2017,11,14,13,30,0,50,50,-1,4,1010.0,24.700000000000003,0.0,0.122
2017,11,14,14,30,0,34,34,-1,3,1010.0,20.700000000000003,0.0,0.122
2017,11,14,15,30,0,14,14,0,2,1010.0,16.8,0.2,0.122
2017,11,14,16,30,0,0,0,-1,0,1010.0,14.600000000000001,0.4,0.122
2017,11,14,17,30,0,0,0,-1,0,1010.0,16.400000000000002,0.30000000000000004,0.122
2017,11,14,18,30,0,0,0,-1,0,1010.0,22.700000000000003,0.2,0.122
2017,11,14,19,30,0,0,0,-1,0,1010.0,29.5,0.2,0.122
2017,11,14,20,30,0,0,0,-1,0,1010.0,35.4,0.2,0.122
2017,11,14,21,30,0,0,0,-2,-1,1010.0,38.6,0.30000000000000004,0.122
2017,11,14,22,30,0,0,0,-2,-1,1010.0,39.2,0.2,0.122
2017,11,14,23,30,0,0,0,-2,-1,1010.0,39.2,0.1,0.122
2017,11,15,0,30,0,0,0,-2,-1,1010.0,37.7,0.1,0.122
2017,11,15,1,30,0,0,0,-2,-1,1010.0,38.1,0.1,0.122
2017,11,15,2,30,0,0,0,-2,-2,1010.0,37.5,0.1,0.122
2017,11,15,3,30,0,0,0,-3,-2,1010.0,39.400000000000006,0.2,0.122
2017,11,15,4,30,0,0,0,-3,-2,1010.0,39.900000000000006,0.2,0.122
2017,11,15,5,30,0,0,0,-3,-2,1010.0,42.900000000000006,0.2,0.122
2017,11,15,6,30,0,0,0,-2,-2,1010.0,47.5,0.1,0.122
2017,11,15,7,30,408,40,92,-2,0,1010.0,49.6,0.0,0.122
2017,11,15,8,30,657,67,246,-2,2,1010.0,57.1,0.0,0.122
2017,11,15,9,30,773,80,379,-3,4,1010.0,79.0,0.0,0.122
2017,11,15,10,30,826,87,467,-2,5,1010.0,89.2,0.0,0.122
2017,11,15,11,30,839,91,500,-2,6,1010.0,99.7,0.0,0.122
2017,11,15,12,30,824,89,474,-2,7,1010.0,110.0,0.0,0.122
2017,11,15,13,30,781,81,394,-2,7,1000.0,121.80000000000001,0.0,0.122
2017,11,15,14,30,676,69,266,-1,6,1000.0,132.1,0.0,0.122
2017,11,15,15,30,455,46,113,0,3,1000.0,136.6,0.2,0.122
2017,11,15,16,30,0,0,0,0,1,1000.0,133.8,0.2,0.122
2017,11,15,17,30,0,0,0,-1,1,1000.0,134.0,0.0,0.122
2017,11,15,18,30,0,0,0,-1,1,1000.0,130.9,0.0,0.122
2017,11,15,19,30,0,0,0,0,1,1000.0,134.8,0.0,0.122
2017,11,15,20,30,0,0,0,0,1,1000.0,133.70000000000002,0.0,0.122
2017,11,15,21,30,0,0,0,0,1,1000.0,129.3,0.0,0.122
2017,11,15,22,30,0,0,0,0,1,1000.0,125.80000000000001,0.0,0.122
2017,11,15,23,30,0,0,0,0,1,1000.0,124.4,0.0,0.122
2017,11,16,0,30,0,0,0,0,1,1000.0,120.2,0.0,0.122
2017,11,16,1,30,0,0,0,0,1,1000.0,120.5,0.0,0.122
2017,11,16,2,30,0,0,0,1,1,1000.0,122.4,0.0,0.122
2017,11,16,3,30,0,0,0,1,2,1000.0,130.9,0.0,0.122
2017,11,16,4,30,0,0,0,2,2,1000.0,130.4,0.0,0.122
2017,11,16,5,30,0,0,0,2,3,1000.0,132.20000000000002,0.0,0.122
2017,11,16,6,30,0,0,0,2,3,1000.0,139.3,0.0,0.122
2017,11,16,7,30,0,3,3,4,4,990.0,144.8,0.0,0.122
2017,11,16,8,30,0,8,8,4,5,990.0,144.8,0.0,0.122
2017,11,16,9,30,0,84,84,6,6,990.0,151.20000000000002,0.0,0.122
2017,11,16,10,30,0,7,7,7,8,990.0,159.0,0.0,0.122
2017,11,16,11,30,0,20,20,8,9,990.0,177.9,0.0,0.122
2017,11,16,12,30,0,82,82,8,9,990.0,207.3,0.0,0.122
2017,11,16,13,30,103,173,214,8,10,990.0,240.3,0.0,0.122
2017,11,16,14,30,610,76,252,7,9,990.0,261.90000000000003,0.0,0.122
2017,11,16,15,30,408,46,106,7,7,990.0,272.6,0.0,0.122
2017,11,16,16,30,0,0,0,4,6,990.0,275.90000000000003,0.0,0.122
2017,11,16,17,30,0,0,0,4,5,990.0,274.2,0.0,0.122
2017,11,16,18,30,0,0,0,4,5,990.0,272.3,0.0,0.122
2017,11,16,19,30,0,0,0,2,4,990.0,274.5,0.0,0.121
2017,11,16,20,30,0,0,0,2,3,990.0,276.2,0.0,0.121
2017,11,16,21,30,0,0,0,2,3,990.0,275.40000000000003,0.0,0.121
2017,11,16,22,30,0,0,0,2,3,990.0,276.0,0.0,0.121
2017,11,16,23,30,0,0,0,1,3,990.0,278.90000000000003,0.0,0.121
2017,11,17,0,30,0,0,0,1,2,990.0,284.40000000000003,0.0,0.121
2017,11,17,1,30,0,0,0,0,2,990.0,290.6,0.0,0.121
2017,11,17,2,30,0,0,0,0,1,990.0,296.7,0.0,0.121
2017,11,17,3,30,0,0,0,-1,0,990.0,299.7,0.0,0.121
2017,11,17,4,30,0,0,0,-2,0,990.0,301.2,0.0,0.121
2017,11,17,5,30,0,0,0,-3,0,1000.0,302.90000000000003,0.0,0.121
2017,11,17,6,30,0,0,0,-4,0,1000.0,305.1,0.0,0.121
2017,11,17,7,30,426,36,86,-4,0,1000.0,306.5,0.0,0.121
2017,11,17,8,30,697,58,243,-5,0,1000.0,309.20000000000005,0.0,0.121
2017,11,17,9,30,827,67,381,-5,2,1000.0,311.6,0.0,0.121
2017,11,17,10,30,895,70,475,-5,3,1000.0,313.0,0.0,0.121
2017,11,17,11,30,926,69,513,-5,4,1000.0,311.40000000000003,0.0,0.121
2017,11,17,12,30,925,66,491,-5,4,1000.0,307.20000000000005,0.0,0.121
2017,11,17,13,30,886,62,410,-5,4,1000.0,302.7,0.0,0.121
2017,11,17,14,30,797,53,280,-6,3,1000.0,299.3,0.0,0.121
2017,11,17,15,30,595,36,120,-6,2,1000.0,298.3,0.0,0.121
2017,11,17,16,30,0,0,0,-6,1,1000.0,296.5,0.0,0.121
2017,11,17,17,30,0,0,0,-6,0,1000.0,297.8,0.0,0.121
2017,11,17,18,30,0,0,0,-6,0,1000.0,303.3,0.0,0.121
2017,11,17,19,30,0,0,0,-6,-1,1000.0,310.40000000000003,0.0,0.121
2017,11,17,20,30,0,0,0,-7,-2,1000.0,315.0,0.0,0.121
2017,11,17,21,30,0,0,0,-7,-3,1000.0,309.70000000000005,0.1,0.121
2017,11,17,22,30,0,0,0,-7,-4,1000.0,307.70000000000005,0.0,0.121
2017,11,17,23,30,0,0,0,-7,-4,1000.0,300.90000000000003,0.0,0.121
2017,11,18,0,30,0,0,0,-7,-4,1000.0,289.0,0.0,0.121
2017,11,18,1,30,0,0,0,-6,-4,1000.0,282.40000000000003,0.0,0.121
2017,11,18,2,30,0,0,0,-6,-3,1000.0,283.7,0.1,0.121
2017,11,18,3,30,0,0,0,-6,-3,1000.0,284.7,0.2,0.121
2017,11,18,4,30,0,0,0,-6,-3,1000.0,273.6,0.2,0.121
2017,11,18,5,30,0,0,0,-7,-3,1000.0,258.0,0.2,0.121
2017,11,18,6,30,0,0,0,-7,-2,1000.0,225.9,0.1,0.121
2017,11,18,7,30,121,41,55,-7,-1,1000.0,202.4,0.0,0.121
2017,11,18,8,30,181,103,150,-7,0,1000.0,183.4,0.0,0.121
2017,11,18,9,30,48,150,169,-6,2,1000.0,179.9,0.0,0.121
2017,11,18,10,30,133,196,256,-5,4,990.0,188.9,0.0,0.121
2017,11,18,11,30,43,195,215,-3,4,990.0,184.0,0.0,0.121
2017,11,18,12,30,7,159,162,-1,4,990.0,163.9,0.0,0.121
2017,11,18,13,30,3,134,136,0,5,990.0,165.4,0.0,0.121
2017,11,18,14,30,0,89,89,1,6,990.0,169.9,0.0,0.121
2017,11,18,15,30,0,34,34,2,5,990.0,176.70000000000002,0.0,0.121
2017,11,18,16,30,0,0,0,3,4,990.0,180.5,0.0,0.121
2017,11,18,17,30,0,0,0,4,5,990.0,187.10000000000002,0.0,0.121
2017,11,18,18,30,0,0,0,4,5,990.0,180.10000000000002,0.0,0.121
2017,11,18,19,30,0,0,0,4,6,980.0,174.4,0.0,0.121
2017,11,18,20,30,0,0,0,4,6,980.0,180.4,0.0,0.121
2017,11,18,21,30,0,0,0,6,7,980.0,180.3,0.0,0.121
2017,11,18,22,30,0,0,0,7,7,980.0,183.9,0.0,0.121
2017,11,18,23,30,0,0,0,8,8,980.0,184.8,0.0,0.121
2017,11,19,0,30,0,0,0,9,9,980.0,187.3,0.0,0.121
2017,11,19,1,30,0,0,0,9,10,980.0,190.20000000000002,0.0,0.121
2017,11,19,2,30,0,0,0,9,11,970.0,193.10000000000002,0.0,0.121
2017,11,19,3,30,0,0,0,11,12,970.0,193.20000000000002,0.0,0.121
2017,11,19,4,30,0,0,0,11,12,970.0,192.70000000000002,0.0,0.121
2017,11,19,5,30,0,0,0,11,13,970.0,194.60000000000002,0.0,0.121
2017,11,19,6,30,0,0,0,11,13,970.0,193.5,0.0,0.121
2017,11,19,7,30,0,24,24,11,13,970.0,198.8,0.0,0.121
2017,11,19,8,30,0,75,75,11,13,970.0,215.9,0.0,0.121
2017,11,19,9,30,8,132,135,9,11,970.0,242.9,0.0,0.121
2017,11,19,10,30,0,145,146,7,9,970.0,272.7,0.1,0.121
2017,11,19,11,30,344,201,364,2,7,980.0,286.7,0.1,0.121
2017,11,19,12,30,159,200,272,0,6,980.0,290.5,0.1,0.121
2017,11,19,13,30,392,137,289,0,5,980.0,290.8,0.1,0.121
2017,11,19,14,30,652,73,255,-1,4,980.0,291.8,0.0,0.121
2017,11,19,15,30,448,44,106,-1,3,980.0,291.40000000000003,0.0,0.121
2017,11,19,16,30,0,0,0,-1,2,980.0,289.5,0.0,0.121
2017,11,19,17,30,0,0,0,-1,2,980.0,286.5,0.0,0.121
2017,11,19,18,30,0,0,0,-1,2,990.0,284.40000000000003,0.0,0.121
2017,11,19,19,30,0,0,0,-1,1,990.0,283.2,0.0,0.121
2017,11,19,20,30,0,0,0,-1,1,990.0,280.7,0.0,0.121
2017,11,19,21,30,0,0,0,-1,1,990.0,278.6,0.0,0.121
2017,11,19,22,30,0,0,0,-1,0,990.0,275.6,0.0,0.121
2017,11,19,23,30,0,0,0,-1,0,990.0,271.90000000000003,0.0,0.121
2017,11,20,0,30,0,0,0,-2,0,990.0,271.1,0.0,0.121
2017,11,20,1,30,0,0,0,-2,0,990.0,271.7,0.0,0.121
2017,11,20,2,30,0,0,0,-2,0,990.0,273.90000000000003,0.0,0.121
2017,11,20,3,30,0,0,0,-3,0,990.0,275.8,0.0,0.121
2017,11,20,4,30,0,0,0,-3,0,990.0,276.7,0.0,0.121
2017,11,20,5,30,0,0,0,-4,0,990.0,277.8,0.0,0.121
2017,11,20,6,30,0,0,0,-5,0,990.0,279.7,0.0,0.121
2017,11,20,7,30,110,39,51,-5,0,1000.0,281.1,0.0,0.121
2017,11,20,8,30,192,101,150,-6,0,1000.0,280.2,0.0,0.121
2017,11,20,9,30,360,133,265,-6,1,1000.0,277.8,0.0,0.121
2017,11,20,10,30,155,193,261,-5,2,1000.0,273.8,0.0,0.121
2017,11,20,11,30,31,185,200,-5,3,1000.0,271.40000000000003,0.0,0.121
2017,11,20,12,30,286,185,314,-5,3,1000.0,270.8,0.0,0.121
2017,11,20,13,30,673,81,340,-5,4,1000.0,268.90000000000003,0.0,0.121
2017,11,20,14,30,550,75,227,-5,3,1000.0,267.7,0.0,0.121
2017,11,20,15,30,354,44,92,-4,3,1000.0,266.2,0.0,0.121
2017,11,20,16,30,0,0,0,-3,2,1000.0,264.2,0.0,0.121
2017,11,20,17,30,0,0,0,-3,2,1000.0,262.40000000000003,0.0,0.121
2017,11,20,18,30,0,0,0,-2,1,1000.0,262.0,0.0,0.121
2017,11,20,19,30,0,0,0,-2,1,1000.0,260.1,0.0,0.121
2017,11,20,20,30,0,0,0,-1,0,1000.0,252.0,0.0,0.121
2017,11,20,21,30,0,0,0,-1,0,1000.0,243.60000000000002,0.0,0.121
2017,11,20,22,30,0,0,0,-1,0,1000.0,236.60000000000002,0.0,0.121
2017,11,20,23,30,0,0,0,-1,0,1000.0,224.5,0.0,0.121
2017,11,21,0,30,0,0,0,-1,0,1000.0,218.70000000000002,0.0,0.121
2017,11,21,1,30,0,0,0,-1,-1,1000.0,215.70000000000002,0.0,0.121
2017,11,21,2,30,0,0,0,-1,-1,1000.0,212.5,0.0,0.121
2017,11,21,3,30,0,0,0,-1,-1,1000.0,210.3,0.0,0.121
2017,11,21,4,30,0,0,0,-1,-1,1000.0,206.5,0.0,0.121
2017,11,21,5,30,0,0,0,-1,0,1000.0,203.5,0.0,0.121
2017,11,21,6,30,0,0,0,0,0,1000.0,202.3,0.0,0.121
2017,11,21,7,30,363,34,71,0,1,1000.0,199.0,0.0,0.121
2017,11,21,8,30,660,58,223,0,4,1000.0,197.10000000000002,0.0,0.121
2017,11,21,9,30,397,125,270,0,7,1000.0,193.8,0.0,0.121
2017,11,21,10,30,852,72,445,1,9,1000.0,199.20000000000002,0.0,0.121
2017,11,21,11,30,863,75,477,1,10,1000.0,198.20000000000002,0.0,0.121
2017,11,21,12,30,848,75,454,1,11,1000.0,196.3,0.0,0.121
2017,11,21,13,30,808,70,378,1,11,1000.0,196.3,0.0,0.121
2017,11,21,14,30,705,60,254,2,10,1000.0,196.0,0.0,0.121
2017,11,21,15,30,468,40,102,2,9,1000.0,194.70000000000002,0.0,0.121
2017,11,21,16,30,0,0,0,3,7,1000.0,192.8,0.0,0.121
2017,11,21,17,30,0,0,0,3,7,1000.0,195.0,0.0,0.121
2017,11,21,18,30,0,0,0,3,7,1000.0,198.3,0.0,0.121
2017,11,21,19,30,0,0,0,3,7,1000.0,202.60000000000002,0.0,0.121
2017,11,21,20,30,0,0,0,4,6,1000.0,208.70000000000002,0.0,0.121
2017,11,21,21,30,0,0,0,4,5,1000.0,211.0,0.0,0.121
2017,11,21,22,30,0,0,0,4,5,1000.0,209.70000000000002,0.0,0.121
2017,11,21,23,30,0,0,0,4,5,1000.0,210.9,0.0,0.121
2017,11,22,0,30,0,0,0,4,4,1000.0,209.20000000000002,0.0,0.121
2017,11,22,1,30,0,0,0,4,4,1000.0,207.5,0.0,0.121
2017,11,22,2,30,0,0,0,4,5,1000.0,199.4,0.0,0.121
2017,11,22,3,30,0,0,0,4,5,1000.0,195.0,0.0,0.121
2017,11,22,4,30,0,0,0,6,6,1000.0,189.60000000000002,0.0,0.121
2017,11,22,5,30,0,0,0,6,6,1000.0,169.8,0.0,0.121
2017,11,22,6,30,0,0,0,6,7,1000.0,162.5,0.0,0.121
2017,11,22,7,30,0,7,7,7,8,1000.0,171.3,0.0,0.121
2017,11,22,8,30,0,26,26,8,9,990.0,191.8,0.0,0.121
2017,11,22,9,30,0,49,49,9,10,990.0,218.10000000000002,0.0,0.121
2017,11,22,10,30,0,78,78,8,9,990.0,239.60000000000002,0.0,0.121
2017,11,22,11,30,0,105,105,7,8,990.0,277.2,0.0,0.121
2017,11,22,12,30,0,58,58,6,7,990.0,302.2,0.0,0.121
2017,11,22,13,30,0,5,5,5,6,990.0,317.0,0.0,0.121
2017,11,22,14,30,0,3,3,4,6,990.0,325.5,0.0,0.121
2017,11,22,15,30,0,1,1,3,5,990.0,326.6,0.0,0.121
2017,11,22,16,30,0,0,0,2,4,990.0,320.5,0.0,0.121
2017,11,22,17,30,0,0,0,1,3,1000.0,316.6,0.0,0.121
2017,11,22,18,30,0,0,0,1,2,1000.0,313.6,0.0,0.121
2017,11,22,19,30,0,0,0,0,2,1000.0,311.5,0.0,0.121
2017,11,22,20,30,0,0,0,0,1,1000.0,312.0,0.0,0.121
2017,11,22,21,30,0,0,0,-2,0,1000.0,313.8,0.0,0.121
2017,11,22,22,30,0,0,0,-3,0,1000.0,315.40000000000003,0.0,0.121
2017,11,22,23,30,0,0,0,-4,0,1000.0,315.5,0.0,0.121
2017,11,23,0,30,0,0,0,-4,0,1000.0,313.3,0.0,0.121
2017,11,23,1,30,0,0,0,-4,-1,1000.0,310.5,0.0,0.121
2017,11,23,2,30,0,0,0,-5,-2,1000.0,308.40000000000003,0.0,0.121
2017,11,23,3,30,0,0,0,-5,-2,1000.0,305.5,0.0,0.121
2017,11,23,4,30,0,0,0,-5,-3,1000.0,303.2,0.0,0.121
2017,11,23,5,30,0,0,0,-6,-3,1000.0,304.0,0.0,0.121
2017,11,23,6,30,0,0,0,-6,-3,1000.0,312.90000000000003,0.0,0.121
2017,11,23,7,30,485,28,74,-6,-2,1000.0,320.8,0.0,0.121
2017,11,23,8,30,751,48,230,-7,0,1000.0,327.40000000000003,0.0,0.121
2017,11,23,9,30,863,58,366,-7,1,1000.0,328.8,0.0,0.121
2017,11,23,10,30,911,63,455,-8,2,1000.0,320.40000000000003,0.0,0.121
2017,11,23,11,30,926,64,490,-8,3,1000.0,305.40000000000003,0.0,0.121
2017,11,23,12,30,913,63,465,-8,4,1000.0,296.40000000000003,0.0,0.121
2017,11,23,13,30,862,59,383,-8,4,1000.0,295.40000000000003,0.0,0.121
2017,11,23,14,30,760,50,255,-8,3,1000.0,289.6,0.0,0.121
2017,11,23,15,30,541,32,102,-5,1,1000.0,285.7,0.2,0.121
2017,11,23,16,30,0,0,0,-4,0,1000.0,289.0,0.4,0.121
2017,11,23,17,30,0,0,0,-5,-1,1000.0,295.1,0.4,0.121
2017,11,23,18,30,0,0,0,-6,-1,1000.0,293.3,0.30000000000000004,0.121
2017,11,23,19,30,0,0,0,-5,-2,1000.0,285.3,0.2,0.121
2017,11,23,20,30,0,0,0,-6,-2,1000.0,285.8,0.2,0.121
2017,11,23,21,30,0,0,0,-6,-3,1000.0,294.40000000000003,0.1,0.121
2017,11,23,22,30,0,0,0,-6,-3,1000.0,296.40000000000003,0.1,0.121
2017,11,23,23,30,0,0,0,-6,-3,1000.0,285.0,0.1,0.121
2017,11,24,0,30,0,0,0,-6,-3,1000.0,278.8,0.1,0.121
2017,11,24,1,30,0,0,0,-6,-3,1000.0,271.0,0.1,0.121
2017,11,24,2,30,0,0,0,-5,-2,1000.0,266.7,0.0,0.121
2017,11,24,3,30,0,0,0,-5,-2,1000.0,258.0,0.0,0.121
2017,11,24,4,30,0,0,0,-5,-2,1000.0,258.6,0.0,0.121
2017,11,24,5,30,0,0,0,-5,-2,1000.0,262.5,0.0,0.121
2017,11,24,6,30,0,0,0,-4,-2,1000.0,268.1,0.0,0.121
2017,11,24,7,30,378,28,64,-4,-1,1000.0,267.90000000000003,0.0,0.121
2017,11,24,8,30,656,53,210,-4,1,1000.0,251.4,0.0,0.121
2017,11,24,9,30,776,65,339,-3,4,1000.0,216.60000000000002,0.0,0.121
2017,11,24,10,30,830,71,425,-2,6,1000.0,208.20000000000002,0.0,0.121
2017,11,24,11,30,849,72,459,-2,7,1000.0,204.0,0.0,0.121
2017,11,24,12,30,841,69,438,-1,8,1000.0,210.60000000000002,0.0,0.121
2017,11,24,13,30,800,63,362,0,8,1000.0,210.8,0.0,0.121
2017,11,24,14,30,706,53,242,0,7,1000.0,204.70000000000002,0.0,0.121
2017,11,24,15,30,487,33,95,1,4,1000.0,190.4,0.0,0.121
2017,11,24,16,30,0,0,0,0,2,1000.0,184.70000000000002,0.0,0.121
2017,11,24,17,30,0,0,0,0,2,1000.0,189.0,0.0,0.121
2017,11,24,18,30,0,0,0,0,1,1000.0,193.9,0.0,0.121
2017,11,24,19,30,0,0,0,0,1,1000.0,197.60000000000002,0.0,0.117
2017,11,24,20,30,0,0,0,0,0,1000.0,200.10000000000002,0.0,0.117
2017,11,24,21,30,0,0,0,0,0,1000.0,202.4,0.0,0.117
2017,11,24,22,30,0,0,0,0,0,990.0,205.9,0.0,0.117
2017,11,24,23,30,0,0,0,0,0,990.0,208.10000000000002,0.0,0.117
2017,11,25,0,30,0,0,0,0,0,990.0,207.10000000000002,0.0,0.117
2017,11,25,1,30,0,0,0,0,0,990.0,203.10000000000002,0.0,0.117
2017,11,25,2,30,0,0,0,0,1,990.0,201.5,0.0,0.117
2017,11,25,3,30,0,0,0,0,0,990.0,203.3,0.0,0.117
2017,11,25,4,30,0,0,0,0,0,990.0,201.20000000000002,0.0,0.117
2017,11,25,5,30,0,0,0,0,0,990.0,195.10000000000002,0.0,0.117
2017,11,25,6,30,0,0,0,0,1,990.0,188.60000000000002,0.0,0.117
2017,11,25,7,30,348,29,60,1,2,990.0,188.3,0.0,0.117
2017,11,25,8,30,648,54,206,1,4,990.0,187.10000000000002,0.0,0.117
2017,11,25,9,30,773,65,336,1,7,990.0,190.5,0.0,0.117
2017,11,25,10,30,596,112,366,1,9,990.0,198.10000000000002,0.0,0.117
2017,11,25,11,30,846,74,458,1,10,990.0,199.70000000000002,0.0,0.117
2017,11,25,12,30,838,71,436,1,11,990.0,201.10000000000002,0.0,0.117
2017,11,25,13,30,785,67,358,1,11,990.0,201.70000000000002,0.0,0.117
2017,11,25,14,30,670,57,234,2,10,990.0,203.0,0.0,0.117
2017,11,25,15,30,418,36,89,3,7,990.0,206.8,0.0,0.117
2017,11,25,16,30,0,0,0,3,6,990.0,209.4,0.0,0.117
2017,11,25,17,30,0,0,0,3,6,990.0,214.70000000000002,0.0,0.117
2017,11,25,18,30,0,0,0,4,6,990.0,221.70000000000002,0.0,0.117
2017,11,25,19,30,0,0,0,4,6,990.0,237.10000000000002,0.0,0.117
2017,11,25,20,30,0,0,0,4,6,990.0,257.3,0.0,0.117
2017,11,25,21,30,0,0,0,4,6,990.0,276.3,0.0,0.117
2017,11,25,22,30,0,0,0,4,5,990.0,289.0,0.0,0.117
2017,11,25,23,30,0,0,0,4,4,990.0,295.3,0.0,0.117
2017,11,26,0,30,0,0,0,2,4,990.0,296.0,0.0,0.117
2017,11,26,1,30,0,0,0,2,3,990.0,293.1,0.0,0.117
2017,11,26,2,30,0,0,0,2,3,990.0,291.5,0.0,0.117
2017,11,26,3,30,0,0,0,2,3,990.0,288.90000000000003,0.0,0.117
2017,11,26,4,30,0,0,0,2,3,990.0,284.40000000000003,0.0,0.117
2017,11,26,5,30,0,0,0,2,2,990.0,278.1,0.0,0.117
2017,11,26,6,30,0,0,0,2,2,990.0,274.2,0.0,0.117
2017,11,26,7,30,321,30,57,1,3,990.0,269.7,0.0,0.117
2017,11,26,8,30,619,59,203,1,4,990.0,270.40000000000003,0.0,0.117
2017,11,26,9,30,748,75,334,0,5,990.0,285.7,0.0,0.117
2017,11,26,10,30,75,178,210,-1,5,990.0,298.40000000000003,0.0,0.117
2017,11,26,11,30,418,163,351,-3,4,990.0,302.7,0.0,0.117
2017,11,26,12,30,885,69,452,-4,4,990.0,302.5,0.0,0.117
2017,11,26,13,30,835,65,373,-5,4,990.0,302.5,0.0,0.117
2017,11,26,14,30,739,54,248,-5,3,990.0,303.40000000000003,0.0,0.117
2017,11,26,15,30,512,34,97,-5,2,990.0,302.6,0.0,0.117
2017,11,26,16,30,0,0,0,-5,1,990.0,295.7,0.0,0.117
2017,11,26,17,30,0,0,0,-5,0,990.0,296.3,0.0,0.117
2017,11,26,18,30,0,0,0,-4,0,1000.0,292.0,0.0,0.117
2017,11,26,19,30,0,0,0,-4,0,1000.0,281.8,0.0,0.117
2017,11,26,20,30,0,0,0,-4,0,1000.0,270.1,0.0,0.117
2017,11,26,21,30,0,0,0,-4,0,1000.0,250.0,0.0,0.117
2017,11,26,22,30,0,0,0,-4,0,990.0,235.60000000000002,0.0,0.117
2017,11,26,23,30,0,0,0,-3,0,990.0,220.70000000000002,0.0,0.117
2017,11,27,0,30,0,0,0,-3,0,990.0,216.4,0.0,0.117
2017,11,27,1,30,0,0,0,-3,0,990.0,214.5,0.0,0.117
2017,11,27,2,30,0,0,0,-3,-1,990.0,221.10000000000002,0.0,0.117
2017,11,27,3,30,0,0,0,-3,-1,990.0,232.60000000000002,0.0,0.117
2017,11,27,4,30,0,0,0,-2,-1,990.0,237.3,0.0,0.117
2017,11,27,5,30,0,0,0,-2,-1,990.0,240.3,0.0,0.117
2017,11,27,6,30,0,0,0,-2,0,1000.0,243.5,0.0,0.117
2017,11,27,7,30,0,18,18,-2,0,1000.0,250.3,0.0,0.117
2017,11,27,8,30,0,67,67,-1,2,1000.0,245.5,0.0,0.117
2017,11,27,9,30,0,110,110,-1,4,1000.0,259.7,0.0,0.117
2017,11,27,10,30,0,41,41,-1,5,1000.0,278.2,0.0,0.117
2017,11,27,11,30,103,197,243,-1,6,1000.0,285.2,0.0,0.117
2017,11,27,12,30,104,188,232,-2,6,1000.0,289.1,0.0,0.117
2017,11,27,13,30,278,143,245,-3,5,1000.0,294.0,0.0,0.117
2017,11,27,14,30,716,56,243,-3,4,1000.0,300.40000000000003,0.0,0.117
2017,11,27,15,30,507,34,96,-4,3,1000.0,306.1,0.0,0.117
2017,11,27,16,30,0,0,0,-5,1,1000.0,311.6,0.0,0.117
2017,11,27,17,30,0,0,0,-5,0,1000.0,317.90000000000003,0.0,0.117
2017,11,27,18,30,0,0,0,-6,0,1000.0,322.90000000000003,0.0,0.117
2017,11,27,19,30,0,0,0,-6,-1,1010.0,326.90000000000003,0.0,0.117
2017,11,27,20,30,0,0,0,-7,-3,1010.0,328.90000000000003,0.0,0.117
2017,11,27,21,30,0,0,0,-7,-4,1010.0,330.70000000000005,0.0,0.117
2017,11,27,22,30,0,0,0,-7,-4,1010.0,335.0,0.0,0.117
2017,11,27,23,30,0,0,0,-7,-4,1010.0,340.6,0.0,0.117
2017,11,28,0,30,0,0,0,-8,-4,1010.0,346.40000000000003,0.0,0.117
2017,11,28,1,30,0,0,0,-8,-3,1010.0,354.5,0.0,0.117
2017,11,28,2,30,0,0,0,-8,-3,1010.0,10.100000000000001,0.1,0.117
2017,11,28,3,30,0,0,0,-8,-3,1010.0,16.2,0.2,0.117
2017,11,28,4,30,0,0,0,-8,-4,1010.0,41.0,0.1,0.117
2017,11,28,5,30,0,0,0,-8,-4,1010.0,72.3,0.1,0.117
2017,11,28,6,30,0,0,0,-8,-4,1010.0,95.80000000000001,0.0,0.117
2017,11,28,7,30,390,24,55,-9,-3,1010.0,104.4,0.0,0.117
2017,11,28,8,30,660,48,198,-10,-1,1010.0,113.7,0.0,0.117
2017,11,28,9,30,771,61,324,-10,0,1010.0,136.70000000000002,0.0,0.117
2017,11,28,10,30,823,67,409,-9,2,1010.0,155.8,0.0,0.117
2017,11,28,11,30,571,128,382,-8,3,1010.0,172.3,0.0,0.117
2017,11,28,12,30,828,70,424,-6,4,1010.0,181.9,0.0,0.117
2017,11,28,13,30,769,68,348,-4,4,1010.0,185.9,0.0,0.117
2017,11,28,14,30,663,57,229,-3,3,1010.0,188.10000000000002,0.0,0.117
2017,11,28,15,30,432,35,87,-1,2,1010.0,186.70000000000002,0.0,0.117
2017,11,28,16,30,0,0,0,-1,0,1010.0,184.60000000000002,0.0,0.117
2017,11,28,17,30,0,0,0,-1,0,1010.0,181.0,0.0,0.117
2017,11,28,18,30,0,0,0,0,0,1010.0,179.9,0.0,0.117
2017,11,28,19,30,0,0,0,0,0,1010.0,180.10000000000002,0.0,0.117
2017,11,28,20,30,0,0,0,1,2,1010.0,181.4,0.0,0.117
2017,11,28,21,30,0,0,0,2,3,1010.0,184.5,0.0,0.117
2017,11,28,22,30,0,0,0,2,4,1000.0,188.3,0.0,0.117
2017,11,28,23,30,0,0,0,4,4,1000.0,191.4,0.0,0.117
2017,11,29,0,30,0,0,0,4,5,1000.0,194.3,0.0,0.117
2017,11,29,1,30,0,0,0,4,5,1000.0,196.3,0.0,0.117
2017,11,29,2,30,0,0,0,4,6,1000.0,196.10000000000002,0.0,0.117
2017,11,29,3,30,0,0,0,4,6,1000.0,196.3,0.0,0.117
2017,11,29,4,30,0,0,0,4,6,1000.0,198.5,0.0,0.117
2017,11,29,5,30,0,0,0,4,6,1000.0,205.0,0.0,0.117
2017,11,29,6,30,0,0,0,4,6,1000.0,213.9,0.0,0.117
2017,11,29,7,30,108,31,40,4,6,1000.0,227.4,0.0,0.117
2017,11,29,8,30,325,93,166,5,7,1000.0,238.9,0.0,0.117
2017,11,29,9,30,554,109,296,5,9,1000.0,252.8,0.0,0.117
2017,11,29,10,30,810,77,411,5,11,1000.0,265.90000000000003,0.0,0.117
2017,11,29,11,30,839,78,449,5,12,1000.0,281.8,0.0,0.117
2017,11,29,12,30,827,76,427,3,12,1000.0,292.5,0.0,0.117
2017,11,29,13,30,775,71,351,1,11,1000.0,299.7,0.0,0.117
2017,11,29,14,30,685,57,233,1,10,1000.0,307.0,0.0,0.117
2017,11,29,15,30,481,33,91,0,8,1000.0,312.70000000000005,0.0,0.117
2017,11,29,16,30,0,0,0,0,6,1000.0,314.70000000000005,0.0,0.117
2017,11,29,17,30,0,0,0,0,5,1000.0,316.40000000000003,0.0,0.117
2017,11,29,18,30,0,0,0,0,4,1010.0,319.70000000000005,0.0,0.117
2017,11,29,19,30,0,0,0,0,3,1010.0,326.0,0.0,0.117
2017,11,29,20,30,0,0,0,0,2,1010.0,335.3,0.0,0.117
2017,11,29,21,30,0,0,0,-1,1,1010.0,344.8,0.0,0.117
2017,11,29,22,30,0,0,0,-3,0,1010.0,354.6,0.0,0.117
2017,11,29,23,30,0,0,0,-4,0,1010.0,3.8000000000000003,0.0,0.117
2017,11,30,0,30,0,0,0,-4,-2,1010.0,10.700000000000001,0.0,0.117
2017,11,30,1,30,0,0,0,-4,-3,1010.0,14.9,0.0,0.117
2017,11,30,2,30,0,0,0,-5,-3,1010.0,15.8,0.0,0.117
2017,11,30,3,30,0,0,0,-5,-4,1010.0,5.7,0.1,0.117
2017,11,30,4,30,0,0,0,-5,-4,1010.0,2.2,0.30000000000000004,0.117
2017,11,30,5,30,0,0,0,-5,-4,1010.0,8.4,0.4,0.117
2017,11,30,6,30,0,0,0,-5,-3,1010.0,29.900000000000002,0.4,0.117
2017,11,30,7,30,411,24,54,-5,-2,1010.0,58.1,0.1,0.117
2017,11,30,8,30,711,48,204,-6,0,1010.0,96.0,0.0,0.117
2017,11,30,9,30,587,82,279,-6,1,1010.0,133.20000000000002,0.0,0.117
2017,11,30,10,30,427,141,316,-5,2,1010.0,151.20000000000002,0.0,0.117
2017,11,30,11,30,535,133,368,-4,3,1010.0,169.10000000000002,0.0,0.117
2017,11,30,12,30,304,168,297,-2,4,1010.0,183.10000000000002,0.0,0.117
2017,11,30,13,30,277,145,245,-1,5,1000.0,186.9,0.0,0.117
2017,11,30,14,30,674,61,233,0,4,1000.0,180.9,0.0,0.117
2017,11,30,15,30,422,37,87,0,3,1000.0,169.4,0.0,0.117
2017,11,30,16,30,0,0,0,1,2,1000.0,163.9,0.0,0.117
2017,11,30,17,30,0,0,0,1,2,1000.0,164.8,0.0,0.117
2017,11,30,18,30,0,0,0,1,2,1000.0,166.3,0.0,0.117
2003,11,30,19,30,0,0,0,0,1,990.0,225.9,0.0,0.123
2003,11,30,20,30,0,0,0,0,1,990.0,219.3,0.0,0.123
2003,11,30,21,30,0,0,0,0,2,990.0,214.3,0.0,0.123
2003,11,30,22,30,0,0,0,0,2,990.0,207.9,0.0,0.123
2003,11,30,23,30,0,0,0,1,2,990.0,201.20000000000002,0.0,0.123
2003,12,1,0,30,0,0,0,1,2,990.0,194.70000000000002,0.0,0.123
2003,12,1,1,30,0,0,0,1,2,990.0,192.70000000000002,0.0,0.123
2003,12,1,2,30,0,0,0,2,2,990.0,196.0,0.0,0.123
2003,12,1,3,30,0,0,0,2,2,990.0,202.70000000000002,0.0,0.123
2003,12,1,4,30,0,0,0,2,2,990.0,209.3,0.0,0.123
2003,12,1,5,30,0,0,0,2,2,990.0,212.0,0.0,0.123
2003,12,1,6,30,0,0,0,2,2,990.0,217.10000000000002,0.0,0.123
2003,12,1,7,30,0,8,8,1,2,990.0,235.4,0.0,0.123
2003,12,1,8,30,0,4,4,2,4,990.0,249.60000000000002,0.0,0.123
2003,12,1,9,30,486,99,261,2,5,990.0,261.0,0.0,0.123
2003,12,1,10,30,0,107,107,0,6,990.0,278.7,0.0,0.123
2003,12,1,11,30,0,107,107,-1,6,990.0,284.40000000000003,0.0,0.123
2003,12,1,12,30,0,70,70,-1,5,990.0,285.3,0.0,0.123
2003,12,1,13,30,0,89,89,-2,4,990.0,285.3,0.0,0.123
2003,12,1,14,30,264,93,161,-2,3,990.0,288.2,0.0,0.123
2003,12,1,15,30,407,39,86,-1,2,990.0,293.8,0.0,0.123
2003,12,1,16,30,0,0,0,-2,1,990.0,294.7,0.0,0.123
2003,12,1,17,30,0,0,0,-3,1,990.0,290.6,0.0,0.123
2003,12,1,18,30,0,0,0,-4,0,1000.0,288.7,0.0,0.123
2003,12,1,19,30,0,0,0,-4,0,1000.0,288.5,0.0,0.123
2003,12,1,20,30,0,0,0,-4,0,1000.0,285.8,0.0,0.123
2003,12,1,21,30,0,0,0,-4,0,1000.0,275.3,0.0,0.123
2003,12,1,22,30,0,0,0,-4,0,1000.0,258.90000000000003,0.0,0.123
2003,12,1,23,30,0,0,0,-4,-1,1000.0,247.4,0.0,0.123
2003,12,2,0,30,0,0,0,-4,-1,1000.0,240.4,0.0,0.123
2003,12,2,1,30,0,0,0,-4,-1,1000.0,238.10000000000002,0.0,0.123
2003,12,2,2,30,0,0,0,-4,-2,1000.0,239.4,0.0,0.123
2003,12,2,3,30,0,0,0,-4,-2,1000.0,242.10000000000002,0.0,0.123
2003,12,2,4,30,0,0,0,-4,-1,1000.0,250.8,0.0,0.123
2003,12,2,5,30,0,0,0,-4,-1,1000.0,266.2,0.0,0.123
2003,12,2,6,30,0,0,0,-5,-2,1000.0,287.1,0.0,0.123
2003,12,2,7,30,305,26,47,-6,-2,1000.0,294.5,0.0,0.123
2003,12,2,8,30,421,63,154,-8,-1,1000.0,291.1,0.0,0.123
2003,12,2,9,30,547,88,269,-9,-1,1000.0,287.1,0.0,0.123
2003,12,2,10,30,277,164,276,-10,-1,1000.0,288.5,0.0,0.123
2003,12,2,11,30,853,82,453,-10,-1,1000.0,292.2,0.0,0.123
2003,12,2,12,30,427,151,330,-11,-1,1000.0,298.2,0.0,0.123
2003,12,2,13,30,465,112,278,-11,-2,1000.0,305.1,0.0,0.123
2003,12,2,14,30,295,90,165,-12,-3,1000.0,312.8,0.0,0.123
2003,12,2,15,30,37,41,46,-13,-4,1000.0,318.3,0.1,0.123
2003,12,2,16,30,0,0,0,-15,-5,1000.0,317.70000000000005,0.0,0.123
2003,12,2,17,30,0,0,0,-16,-6,1010.0,316.90000000000003,0.0,0.123
2003,12,2,18,30,0,0,0,-16,-7,1010.0,320.1,0.0,0.123
2003,12,2,19,30,0,0,0,-16,-7,1010.0,322.70000000000005,0.0,0.123
2003,12,2,20,30,0,0,0,-16,-7,1010.0,324.0,0.0,0.123
2003,12,2,21,30,0,0,0,-17,-7,1010.0,324.5,0.0,0.123
2003,12,2,22,30,0,0,0,-17,-8,1010.0,324.20000000000005,0.0,0.123
2003,12,2,23,30,0,0,0,-17,-8,1010.0,323.70000000000005,0.0,0.123
2003,12,3,0,30,0,0,0,-17,-8,1010.0,324.20000000000005,0.0,0.123
2003,12,3,1,30,0,0,0,-16,-8,1010.0,325.8,0.0,0.123
2003,12,3,2,30,0,0,0,-16,-8,1010.0,326.3,0.0,0.123
2003,12,3,3,30,0,0,0,-16,-8,1010.0,326.3,0.0,0.123
2003,12,3,4,30,0,0,0,-16,-8,1010.0,326.3,0.0,0.123
2003,12,3,5,30,0,0,0,-15,-9,1010.0,324.6,0.0,0.123
2003,12,3,6,30,0,0,0,-15,-9,1010.0,321.3,0.0,0.123
2003,12,3,7,30,388,23,48,-15,-8,1010.0,317.70000000000005,0.0,0.123
2003,12,3,8,30,707,48,198,-14,-7,1010.0,318.5,0.0,0.123
2003,12,3,9,30,834,60,333,-14,-6,1010.0,319.90000000000003,0.0,0.123
2003,12,3,10,30,897,64,426,-14,-4,1010.0,318.20000000000005,0.0,0.123
2003,12,3,11,30,918,66,464,-14,-3,1010.0,314.6,0.0,0.123
2003,12,3,12,30,907,65,444,-13,-2,1010.0,311.0,0.0,0.123
2003,12,3,13,30,862,61,368,-13,-2,1010.0,309.6,0.0,0.123
2003,12,3,14,30,764,51,244,-13,-2,1010.0,309.5,0.0,0.123
2003,12,3,15,30,539,32,94,-12,-3,1010.0,308.40000000000003,0.0,0.123
2003,12,3,16,30,0,0,0,-11,-4,1010.0,302.0,0.0,0.123
2003,12,3,17,30,0,0,0,-11,-5,1010.0,297.3,0.0,0.123
2003,12,3,18,30,0,0,0,-11,-6,1010.0,295.40000000000003,0.0,0.123
2003,12,3,19,30,0,0,0,-10,-6,1010.0,291.6,0.0,0.123
2003,12,3,20,30,0,0,0,-10,-7,1010.0,286.40000000000003,0.0,0.123
2003,12,3,21,30,0,0,0,-10,-8,1010.0,277.6,0.0,0.123
2003,12,3,22,30,0,0,0,-10,-8,1010.0,270.8,0.0,0.123
2003,12,3,23,30,0,0,0,-10,-9,1010.0,266.6,0.0,0.123
2003,12,4,0,30,0,0,0,-10,-9,1010.0,266.1,0.0,0.123
2003,12,4,1,30,0,0,0,-10,-9,1010.0,265.6,0.0,0.123
2003,12,4,2,30,0,0,0,-10,-9,1010.0,264.90000000000003,0.0,0.123
2003,12,4,3,30,0,0,0,-10,-9,1010.0,260.5,0.0,0.123
2003,12,4,4,30,0,0,0,-10,-8,1010.0,256.6,0.0,0.123
2003,12,4,5,30,0,0,0,-9,-8,1010.0,259.0,0.0,0.123
2003,12,4,6,30,0,0,0,-9,-7,1010.0,260.5,0.0,0.123
2003,12,4,7,30,248,24,39,-9,-6,1010.0,259.40000000000003,0.0,0.123
2003,12,4,8,30,580,56,178,-8,-3,1010.0,247.20000000000002,0.0,0.123
2003,12,4,9,30,241,127,205,-7,-1,1010.0,251.70000000000002,0.0,0.123
2003,12,4,10,30,200,169,249,-6,0,1010.0,273.5,0.0,0.123
2003,12,4,11,30,819,82,435,-4,1,1010.0,285.90000000000003,0.0,0.123
2003,12,4,12,30,177,178,252,-4,2,1010.0,291.1,0.0,0.123
2003,12,4,13,30,0,121,121,-3,2,1010.0,292.7,0.0,0.123
2003,12,4,14,30,0,79,79,-3,1,1010.0,295.0,0.0,0.123
2003,12,4,15,30,137,43,59,-2,0,1010.0,299.40000000000003,0.0,0.123
2003,12,4,16,30,0,0,0,-2,0,1010.0,307.8,0.0,0.123
2003,12,4,17,30,0,0,0,-3,-1,1010.0,314.70000000000005,0.0,0.123
2003,12,4,18,30,0,0,0,-3,-1,1010.0,325.0,0.0,0.123
2003,12,4,19,30,0,0,0,-4,-2,1010.0,336.5,0.0,0.123
2003,12,4,20,30,0,0,0,-4,-3,1010.0,347.6,0.0,0.123
2003,12,4,21,30,0,0,0,-5,-4,1010.0,0.2,0.1,0.123
2003,12,4,22,30,0,0,0,-6,-5,1010.0,5.9,0.2,0.123
2003,12,4,23,30,0,0,0,-7,-6,1010.0,13.600000000000001,0.1,0.123
2003,12,5,0,30,0,0,0,-8,-7,1010.0,15.0,0.0,0.123
2003,12,5,1,30,0,0,0,-8,-7,1010.0,32.0,0.0,0.123
2003,12,5,2,30,0,0,0,-9,-8,1010.0,35.0,0.0,0.123
2003,12,5,3,30,0,0,0,-9,-8,1010.0,36.1,0.0,0.123
2003,12,5,4,30,0,0,0,-10,-8,1010.0,36.4,0.0,0.123
2003,12,5,5,30,0,0,0,-10,-8,1010.0,35.0,0.0,0.123
2003,12,5,6,30,0,0,0,-10,-8,1010.0,32.2,0.0,0.123
2003,12,5,7,30,130,22,30,-10,-7,1010.0,34.800000000000004,0.0,0.123
2003,12,5,8,30,322,72,138,-10,-6,1010.0,43.7,0.0,0.123
2003,12,5,9,30,472,97,249,-10,-4,1010.0,49.900000000000006,0.0,0.123
2003,12,5,10,30,377,145,295,-11,-2,1010.0,51.800000000000004,0.0,0.123
2003,12,5,11,30,370,161,320,-11,-1,1010.0,60.300000000000004,0.0,0.123
2003,12,5,12,30,273,168,282,-11,-1,1010.0,69.8,0.0,0.123
2003,12,5,13,30,110,147,186,-11,-1,1010.0,75.2,0.0,0.123
2003,12,5,14,30,0,70,70,-10,-1,1010.0,59.900000000000006,0.0,0.123
2003,12,5,15,30,0,23,23,-8,-2,1010.0,46.400000000000006,0.0,0.123
2003,12,5,16,30,0,0,0,-7,-3,1000.0,44.900000000000006,0.0,0.123
2003,12,5,17,30,0,0,0,-7,-3,1000.0,45.7,0.0,0.123
2003,12,5,18,30,0,0,0,-6,-3,1000.0,39.7,0.0,0.123
2003,12,5,19,30,0,0,0,-6,-3,1000.0,35.5,0.0,0.866
2003,12,5,20,30,0,0,0,-6,-3,1000.0,34.7,0.0,0.866
2003,12,5,21,30,0,0,0,-6,-3,1000.0,33.4,0.0,0.866
2003,12,5,22,30,0,0,0,-6,-3,1000.0,33.2,0.0,0.866
2003,12,5,23,30,0,0,0,-6,-3,1000.0,33.6,0.0,0.866
2003,12,6,0,30,0,0,0,-6,-3,1000.0,32.7,0.0,0.866
2003,12,6,1,30,0,0,0,-6,-4,1000.0,29.6,0.0,0.866
2003,12,6,2,30,0,0,0,-6,-4,1000.0,29.200000000000003,0.0,0.866
2003,12,6,3,30,0,0,0,-6,-4,1000.0,29.5,0.0,0.866
2003,12,6,4,30,0,0,0,-6,-4,1000.0,30.0,0.0,0.866
2003,12,6,5,30,0,0,0,-6,-4,1000.0,33.9,0.0,0.866
2003,12,6,6,30,0,0,0,-6,-4,1000.0,36.800000000000004,0.0,0.866
2003,12,6,7,30,0,5,5,-6,-4,1000.0,34.9,0.0,0.866
2003,12,6,8,30,0,26,26,-6,-4,1000.0,34.0,0.1,0.866
2003,12,6,9,30,0,50,50,-6,-3,1000.0,33.6,0.1,0.866
2003,12,6,10,30,0,42,42,-6,-3,990.0,32.800000000000004,0.1,0.866
2003,12,6,11,30,0,87,87,-5,-2,990.0,30.8,0.1,0.866
2003,12,6,12,30,0,62,62,-5,-2,990.0,26.5,0.1,0.866
2003,12,6,13,30,40,139,153,-5,-2,990.0,21.5,0.1,0.866
2003,12,6,14,30,0,62,62,-5,-3,990.0,17.1,0.1,0.866
2003,12,6,15,30,194,53,75,-5,-3,990.0,12.3,0.1,0.866
2003,12,6,16,30,0,0,0,-5,-3,990.0,9.8,0.1,0.866
2003,12,6,17,30,0,0,0,-5,-3,990.0,7.5,0.1,0.866
2003,12,6,18,30,0,0,0,-5,-3,990.0,5.4,0.1,0.866
2003,12,6,19,30,0,0,0,-5,-3,990.0,2.1,0.1,0.866
2003,12,6,20,30,0,0,0,-5,-3,990.0,359.90000000000003,0.1,0.866
2003,12,6,21,30,0,0,0,-5,-3,990.0,357.3,0.1,0.866
2003,12,6,22,30,0,0,0,-5,-3,990.0,353.40000000000003,0.1,0.866
2003,12,6,23,30,0,0,0,-6,-4,990.0,349.70000000000005,0.1,0.866
2003,12,7,0,30,0,0,0,-6,-4,990.0,348.1,0.1,0.866
2003,12,7,1,30,0,0,0,-6,-4,990.0,346.8,0.1,0.866
2003,12,7,2,30,0,0,0,-6,-4,990.0,342.8,0.1,0.866
2003,12,7,3,30,0,0,0,-6,-4,990.0,338.40000000000003,0.1,0.866
2003,12,7,4,30,0,0,0,-6,-4,990.0,336.40000000000003,0.1,0.866
2003,12,7,5,30,0,0,0,-6,-4,990.0,335.5,0.1,0.866
2003,12,7,6,30,0,0,0,-6,-4,990.0,333.8,0.1,0.866
2003,12,7,7,30,119,23,29,-6,-4,990.0,331.0,0.1,0.866
2003,12,7,8,30,541,64,173,-6,-4,990.0,330.20000000000005,0.1,0.866
2003,12,7,9,30,80,129,155,-6,-4,990.0,331.70000000000005,0.1,0.866
2003,12,7,10,30,193,167,243,-6,-4,990.0,331.5,0.1,0.866
2003,12,7,11,30,786,106,441,-6,-4,990.0,329.8,0.1,0.866
2003,12,7,12,30,789,100,424,-6,-3,990.0,328.40000000000003,0.1,0.866
2003,12,7,13,30,740,90,350,-6,-3,990.0,326.70000000000005,0.1,0.866
2003,12,7,14,30,629,72,228,-6,-4,990.0,324.8,0.1,0.866
2003,12,7,15,30,385,40,84,-7,-4,990.0,322.90000000000003,0.0,0.866
2003,12,7,16,30,0,0,0,-7,-5,990.0,322.3,0.0,0.866
2003,12,7,17,30,0,0,0,-7,-5,990.0,322.70000000000005,0.0,0.866
2003,12,7,18,30,0,0,0,-8,-6,990.0,322.90000000000003,0.0,0.866
2003,12,7,19,30,0,0,0,-8,-6,990.0,323.3,0.0,0.866
2003,12,7,20,30,0,0,0,-8,-6,990.0,323.70000000000005,0.0,0.866
2003,12,7,21,30,0,0,0,-8,-6,990.0,323.8,0.0,0.866
2003,12,7,22,30,0,0,0,-8,-6,990.0,323.5,0.0,0.866
2003,12,7,23,30,0,0,0,-8,-6,990.0,322.70000000000005,0.0,0.866
2003,12,8,0,30,0,0,0,-8,-6,990.0,322.5,0.0,0.866
2003,12,8,1,30,0,0,0,-8,-6,990.0,322.70000000000005,0.0,0.866
2003,12,8,2,30,0,0,0,-8,-6,1000.0,323.40000000000003,0.0,0.866
2003,12,8,3,30,0,0,0,-8,-6,1000.0,325.1,0.0,0.866
2003,12,8,4,30,0,0,0,-8,-6,1000.0,327.8,0.0,0.866
2003,12,8,5,30,0,0,0,-8,-6,1000.0,329.5,0.0,0.866
2003,12,8,6,30,0,0,0,-9,-7,1000.0,330.1,0.0,0.866
2003,12,8,7,30,303,20,36,-9,-6,1000.0,331.3,0.0,0.866
2003,12,8,8,30,652,50,180,-8,-5,1000.0,333.5,0.0,0.866
2003,12,8,9,30,787,67,315,-7,-3,1000.0,338.1,0.0,0.866
2003,12,8,10,30,853,75,409,-5,-1,1000.0,340.70000000000005,0.0,0.866
2003,12,8,11,30,872,80,449,-4,0,1000.0,339.1,0.0,0.866
2003,12,8,12,30,860,79,431,-3,0,1000.0,334.70000000000005,0.0,0.866
2003,12,8,13,30,818,71,357,-3,0,1000.0,328.6,0.0,0.866
2003,12,8,14,30,720,57,236,-2,0,1000.0,323.40000000000003,0.0,0.866
2003,12,8,15,30,492,33,88,-3,-2,1000.0,319.1,0.0,0.866
2003,12,8,16,30,0,0,0,-6,-5,1000.0,322.3,0.2,0.866
2003,12,8,17,30,0,0,0,-7,-6,1000.0,324.70000000000005,0.4,0.866
2003,12,8,18,30,0,0,0,-8,-7,1000.0,329.0,0.5,0.866
2003,12,8,19,30,0,0,0,-9,-7,1000.0,334.20000000000005,0.6000000000000001,0.866
2003,12,8,20,30,0,0,0,-9,-8,1000.0,339.5,0.6000000000000001,0.866
2003,12,8,21,30,0,0,0,-9,-8,1000.0,344.90000000000003,0.6000000000000001,0.866
2003,12,8,22,30,0,0,0,-10,-8,1000.0,349.0,0.6000000000000001,0.866
2003,12,8,23,30,0,0,0,-10,-8,1000.0,353.3,0.6000000000000001,0.866
2003,12,9,0,30,0,0,0,-10,-8,1000.0,358.1,0.5,0.866
2003,12,9,1,30,0,0,0,-10,-8,1000.0,0.2,0.5,0.866
2003,12,9,2,30,0,0,0,-11,-8,1000.0,358.40000000000003,0.6000000000000001,0.866
2003,12,9,3,30,0,0,0,-11,-9,1000.0,357.20000000000005,0.7000000000000001,0.866
2003,12,9,4,30,0,0,0,-12,-9,1010.0,357.3,0.7000000000000001,0.866
2003,12,9,5,30,0,0,0,-12,-9,1010.0,1.6,0.7000000000000001,0.866
2003,12,9,6,30,0,0,0,-12,-9,1010.0,6.9,0.7000000000000001,0.866
2003,12,9,7,30,302,18,34,-12,-7,1010.0,11.100000000000001,0.5,0.866
2003,12,9,8,30,643,50,176,-11,-4,1010.0,12.3,0.2,0.866
2003,12,9,9,30,66,126,146,-6,-1,1010.0,8.9,0.0,0.866
2003,12,9,10,30,64,161,186,-4,0,1010.0,119.5,0.1,0.866
2003,12,9,11,30,80,183,217,-3,1,1010.0,139.1,0.1,0.866
2003,12,9,12,30,76,176,208,-3,1,1010.0,149.1,0.2,0.866
2003,12,9,13,30,0,96,96,-4,1,1010.0,159.3,0.2,0.866
2003,12,9,14,30,0,62,62,-3,0,1010.0,164.20000000000002,0.30000000000000004,0.866
2003,12,9,15,30,376,39,82,-2,0,1010.0,165.5,0.6000000000000001,0.866
2003,12,9,16,30,0,0,0,-5,-2,1010.0,163.10000000000002,0.8,0.866
2003,12,9,17,30,0,0,0,-6,-3,1010.0,163.60000000000002,0.7000000000000001,0.866
2003,12,9,18,30,0,0,0,-6,-4,1010.0,167.8,0.6000000000000001,0.866
2003,12,9,19,30,0,0,0,-6,-4,1010.0,163.9,0.5,0.866
2003,12,9,20,30,0,0,0,-6,-5,1010.0,170.3,0.5,0.866
2003,12,9,21,30,0,0,0,-6,-4,1010.0,175.9,0.6000000000000001,0.866
2003,12,9,22,30,0,0,0,-5,-3,1010.0,179.3,0.5,0.866
2003,12,9,23,30,0,0,0,-5,-3,1010.0,174.20000000000002,0.4,0.866
2003,12,10,0,30,0,0,0,-4,-3,1010.0,164.10000000000002,0.4,0.866
2003,12,10,1,30,0,0,0,-4,-4,1010.0,156.70000000000002,0.4,0.866
2003,12,10,2,30,0,0,0,-5,-4,1010.0,149.5,0.30000000000000004,0.866
2003,12,10,3,30,0,0,0,-4,-4,1010.0,147.8,0.30000000000000004,0.866
2003,12,10,4,30,0,0,0,-4,-3,1010.0,141.20000000000002,0.30000000000000004,0.866
2003,12,10,5,30,0,0,0,-3,-3,1010.0,130.3,0.2,0.866
2003,12,10,6,30,0,0,0,-3,-2,1010.0,126.0,0.1,0.866
2003,12,10,7,30,140,21,27,-2,-1,1010.0,128.70000000000002,0.0,0.866
2003,12,10,8,30,0,13,13,-1,0,1010.0,135.8,0.0,0.866
2003,12,10,9,30,0,44,44,0,1,1010.0,135.9,0.0,0.866
2003,12,10,10,30,0,102,102,1,2,1000.0,136.6,0.0,0.866
2003,12,10,11,30,95,181,221,1,3,1000.0,140.0,0.0,0.866
2003,12,10,12,30,82,172,206,2,3,1000.0,139.1,0.0,0.866
2003,12,10,13,30,10,126,130,2,3,1000.0,139.9,0.0,0.866
2003,12,10,14,30,79,97,116,2,2,1000.0,140.3,0.0,0.866
2003,12,10,15,30,3,38,38,1,2,1000.0,133.4,0.0,0.866
2003,12,10,16,30,0,0,0,1,2,1000.0,117.2,0.0,0.866
2003,12,10,17,30,0,0,0,1,2,1000.0,114.0,0.0,0.866
2003,12,10,18,30,0,0,0,1,2,1000.0,111.9,0.0,0.866
2003,12,10,19,30,0,0,0,1,1,1000.0,108.7,0.0,0.866
2003,12,10,20,30,0,0,0,1,1,1000.0,107.9,0.0,0.866
2003,12,10,21,30,0,0,0,1,2,1000.0,115.9,0.0,0.866
2003,12,10,22,30,0,0,0,1,2,1000.0,113.60000000000001,0.0,0.866
2003,12,10,23,30,0,0,0,1,2,990.0,110.2,0.0,0.866
2003,12,11,0,30,0,0,0,1,2,990.0,107.30000000000001,0.0,0.866
2003,12,11,1,30,0,0,0,2,2,990.0,112.9,0.0,0.866
2003,12,11,2,30,0,0,0,2,2,990.0,111.30000000000001,0.1,0.866
2003,12,11,3,30,0,0,0,2,3,990.0,113.10000000000001,0.1,0.866
2003,12,11,4,30,0,0,0,2,4,990.0,120.5,0.1,0.866
2003,12,11,5,30,0,0,0,4,4,990.0,121.5,0.1,0.866
2003,12,11,6,30,0,0,0,4,5,990.0,122.4,0.1,0.866
2003,12,11,7,30,0,6,6,4,6,980.0,127.5,0.1,0.866
2003,12,11,8,30,0,65,65,6,7,980.0,127.60000000000001,0.1,0.866
2003,12,11,9,30,55,123,140,7,8,980.0,125.7,0.1,0.866
2003,12,11,10,30,0,37,37,8,9,980.0,127.7,0.1,0.866
2003,12,11,11,30,0,89,89,9,9,980.0,130.1,0.1,0.866
2003,12,11,12,30,0,40,40,9,10,970.0,122.80000000000001,0.1,0.866
2003,12,11,13,30,0,24,24,9,10,970.0,125.4,0.1,0.866
2003,12,11,14,30,0,60,60,9,10,970.0,132.70000000000002,0.1,0.866
2003,12,11,15,30,354,39,78,8,9,970.0,137.4,0.2,0.866
2003,12,11,16,30,0,0,0,7,8,970.0,179.5,0.2,0.866
2003,12,11,17,30,0,0,0,7,7,970.0,237.4,0.1,0.866
2003,12,11,18,30,0,0,0,4,6,970.0,294.40000000000003,0.1,0.866
2003,12,11,19,30,0,0,0,2,4,980.0,302.8,0.1,0.866
2003,12,11,20,30,0,0,0,1,2,980.0,300.90000000000003,0.1,0.866
2003,12,11,21,30,0,0,0,0,1,980.0,296.1,0.1,0.866
2003,12,11,22,30,0,0,0,-1,0,980.0,292.5,0.1,0.866
2003,12,11,23,30,0,0,0,-2,0,980.0,290.0,0.1,0.866
2003,12,12,0,30,0,0,0,-3,0,980.0,288.5,0.1,0.866
2003,12,12,1,30,0,0,0,-4,0,980.0,287.90000000000003,0.1,0.866
2003,12,12,2,30,0,0,0,-4,0,990.0,287.1,0.1,0.866
2003,12,12,3,30,0,0,0,-4,0,990.0,286.0,0.1,0.866
2003,12,12,4,30,0,0,0,-5,0,990.0,287.3,0.1,0.866
2003,12,12,5,30,0,0,0,-5,0,990.0,288.90000000000003,0.1,0.866
2003,12,12,6,30,0,0,0,-5,-1,990.0,290.6,0.1,0.866
2003,12,12,7,30,197,20,29,-5,0,990.0,290.5,0.1,0.866
2003,12,12,8,30,587,59,171,-5,0,990.0,289.5,0.1,0.866
2003,12,12,9,30,754,77,308,-5,0,990.0,290.8,0.1,0.866
2003,12,12,10,30,860,77,408,-5,1,990.0,292.7,0.1,0.866
2003,12,12,11,30,886,80,450,-5,2,990.0,293.8,0.1,0.866
2003,12,12,12,30,875,78,432,-5,2,990.0,294.40000000000003,0.1,0.866
2003,12,12,13,30,835,69,359,-5,2,1000.0,295.6,0.1,0.866
2003,12,12,14,30,727,58,237,-5,1,1000.0,296.0,0.1,0.866
2003,12,12,15,30,482,35,89,-5,0,1000.0,295.2,0.0,0.866
2003,12,12,16,30,0,0,0,-5,0,1000.0,294.7,0.0,0.866
2003,12,12,17,30,0,0,0,-5,-1,1000.0,296.6,0.0,0.866
2003,12,12,18,30,0,0,0,-5,-1,1000.0,297.40000000000003,0.0,0.866
2003,12,12,19,30,0,0,0,-5,-2,1000.0,292.40000000000003,0.1,0.866
2003,12,12,20,30,0,0,0,-5,-2,1000.0,289.1,0.0,0.866
2003,12,12,21,30,0,0,0,-5,-2,1000.0,278.90000000000003,0.0,0.866
2003,12,12,22,30,0,0,0,-5,-2,1000.0,272.6,0.1,0.866
2003,12,12,23,30,0,0,0,-5,-2,1000.0,270.6,0.1,0.866
2003,12,13,0,30,0,0,0,-5,-3,1000.0,269.1,0.1,0.866
2003,12,13,1,30,0,0,0,-5,-3,1000.0,274.1,0.1,0.866
2003,12,13,2,30,0,0,0,-5,-3,1000.0,287.90000000000003,0.1,0.866
2003,12,13,3,30,0,0,0,-6,-3,1000.0,301.90000000000003,0.1,0.866
2003,12,13,4,30,0,0,0,-7,-3,1010.0,309.1,0.1,0.866
2003,12,13,5,30,0,0,0,-8,-3,1010.0,309.6,0.1,0.866
2003,12,13,6,30,0,0,0,-9,-4,1010.0,305.1,0.1,0.866
2003,12,13,7,30,299,17,30,-10,-4,1010.0,302.5,0.1,0.866
2003,12,13,8,30,680,49,177,-10,-3,1010.0,310.6,0.1,0.866
2003,12,13,9,30,822,67,318,-11,-2,1010.0,315.1,0.1,0.866
2003,12,13,10,30,885,77,416,-12,-2,1010.0,313.8,0.1,0.866
2003,12,13,11,30,908,81,459,-12,-1,1010.0,315.3,0.1,0.866
2003,12,13,12,30,900,79,443,-12,-1,1010.0,312.70000000000005,0.1,0.866
2003,12,13,13,30,857,72,369,-12,-1,1010.0,312.20000000000005,0.1,0.866
2003,12,13,14,30,761,58,246,-12,-2,1010.0,311.6,0.1,0.866
2003,12,13,15,30,533,34,94,-12,-3,1010.0,310.90000000000003,0.1,0.866
2003,12,13,16,30,0,0,0,-11,-4,1010.0,310.90000000000003,0.1,0.866
2003,12,13,17,30,0,0,0,-11,-5,1010.0,317.8,0.1,0.866
2003,12,13,18,30,0,0,0,-11,-5,1010.0,323.8,0.1,0.866
2003,12,13,19,30,0,0,0,-11,-5,1010.0,329.70000000000005,0.1,0.866
2003,12,13,20,30,0,0,0,-11,-5,1010.0,337.70000000000005,0.1,0.866
2003,12,13,21,30,0,0,0,-11,-5,1010.0,345.8,0.1,0.866
2003,12,13,22,30,0,0,0,-12,-5,1010.0,356.90000000000003,0.1,0.866
2003,12,13,23,30,0,0,0,-12,-5,1010.0,8.6,0.1,0.866
2003,12,14,0,30,0,0,0,-12,-5,1010.0,17.3,0.1,0.866
2003,12,14,1,30,0,0,0,-12,-6,1010.0,28.6,0.1,0.866
2003,12,14,2,30,0,0,0,-12,-6,1010.0,38.900000000000006,0.1,0.866
2003,12,14,3,30,0,0,0,-13,-6,1010.0,46.400000000000006,0.1,0.866
2003,12,14,4,30,0,0,0,-13,-7,1010.0,55.900000000000006,0.1,0.866
2003,12,14,5,30,0,0,0,-14,-7,1010.0,64.60000000000001,0.1,0.866
2003,12,14,6,30,0,0,0,-14,-7,1010.0,79.7,0.1,0.866
2003,12,14,7,30,0,10,10,-14,-7,1010.0,72.7,0.1,0.866
2003,12,14,8,30,0,56,56,-14,-7,1010.0,79.5,0.1,0.866
2003,12,14,9,30,0,90,90,-14,-6,1010.0,84.9,0.1,0.866
2003,12,14,10,30,0,110,110,-13,-5,1010.0,91.10000000000001,0.1,0.866
2003,12,14,11,30,0,105,105,-12,-5,1010.0,88.80000000000001,0.1,0.866
2003,12,14,12,30,0,110,110,-10,-5,1010.0,84.10000000000001,0.1,0.866
2003,12,14,13,30,0,68,68,-8,-4,1010.0,72.3,0.1,0.866
2003,12,14,14,30,0,37,37,-7,-4,1000.0,69.5,0.1,0.866
2003,12,14,15,30,0,17,17,-5,-3,1000.0,77.80000000000001,0.1,0.866
2003,12,14,16,30,0,0,0,-5,-2,1000.0,84.10000000000001,0.1,0.866
2003,12,14,17,30,0,0,0,-4,-2,1000.0,91.80000000000001,0.1,0.866
2003,12,14,18,30,0,0,0,-3,-1,1000.0,94.0,0.1,0.866
2003,12,14,19,30,0,0,0,-2,0,1000.0,91.5,0.1,0.866
2003,12,14,20,30,0,0,0,-1,0,990.0,92.5,0.2,0.866
2003,12,14,21,30,0,0,0,-1,0,990.0,89.80000000000001,0.1,0.866
2003,12,14,22,30,0,0,0,0,0,990.0,88.2,0.1,0.866
2003,12,14,23,30,0,0,0,0,0,990.0,83.0,0.1,0.866
2003,12,15,0,30,0,0,0,0,0,980.0,73.4,0.1,0.866
2003,12,15,1,30,0,0,0,0,0,980.0,60.400000000000006,0.1,0.866
2003,12,15,2,30,0,0,0,0,0,980.0,48.300000000000004,0.1,0.866
2003,12,15,3,30,0,0,0,0,0,980.0,33.9,0.1,0.866
2003,12,15,4,30,0,0,0,0,0,980.0,3.6,0.1,0.866
2003,12,15,5,30,0,0,0,0,0,980.0,329.3,0.1,0.866
2003,12,15,6,30,0,0,0,-1,0,980.0,320.20000000000005,0.1,0.866
2003,12,15,7,30,154,17,23,-2,-2,980.0,317.1,0.2,0.866
2003,12,15,8,30,578,52,158,-4,-3,980.0,317.90000000000003,0.2,0.866
2003,12,15,9,30,0,57,57,-4,-3,980.0,313.5,0.2,0.866
2003,12,15,10,30,0,27,27,-4,-2,980.0,306.3,0.2,0.866
2003,12,15,11,30,345,160,303,-4,-2,980.0,302.3,0.2,0.866
2003,12,15,12,30,29,158,170,-4,-2,980.0,300.40000000000003,0.2,0.866
2003,12,15,13,30,590,87,291,-4,-2,980.0,299.40000000000003,0.2,0.866
2003,12,15,14,30,677,64,231,-4,-2,990.0,298.8,0.2,0.866
2003,12,15,15,30,446,37,88,-5,-3,990.0,299.2,0.2,0.866
2003,12,15,16,30,0,0,0,-5,-3,990.0,299.1,0.2,0.866
2003,12,15,17,30,0,0,0,-5,-3,990.0,299.40000000000003,0.2,0.866
2003,12,15,18,30,0,0,0,-5,-3,990.0,300.2,0.2,0.866
2003,12,15,19,30,0,0,0,-5,-3,990.0,300.2,0.2,0.866
2003,12,15,20,30,0,0,0,-5,-4,990.0,300.8,0.1,0.866
2003,12,15,21,30,0,0,0,-5,-4,990.0,302.7,0.1,0.866
2003,12,15,22,30,0,0,0,-5,-4,1000.0,301.0,0.1,0.866
2003,12,15,23,30,0,0,0,-6,-4,1000.0,299.90000000000003,0.1,0.866
2003,12,16,0,30,0,0,0,-6,-4,1000.0,299.2,0.1,0.866
2003,12,16,1,30,0,0,0,-7,-5,1000.0,297.90000000000003,0.1,0.866
2003,12,16,2,30,0,0,0,-7,-6,1000.0,293.1,0.1,0.866
2003,12,16,3,30,0,0,0,-8,-6,1000.0,283.5,0.2,0.866
2003,12,16,4,30,0,0,0,-8,-7,1000.0,286.3,0.30000000000000004,0.866
2003,12,16,5,30,0,0,0,-9,-8,1000.0,286.6,0.30000000000000004,0.866
2003,12,16,6,30,0,0,0,-11,-9,1000.0,279.90000000000003,0.4,0.866
2003,12,16,7,30,0,24,24,-11,-8,1000.0,274.40000000000003,0.4,0.866
2003,12,16,8,30,617,48,161,-9,-5,1000.0,273.5,0.2,0.866
2003,12,16,9,30,753,68,294,-6,-2,1000.0,279.1,0.1,0.866
2003,12,16,10,30,810,81,388,-3,0,1000.0,280.0,0.0,0.866
2003,12,16,11,30,607,107,358,-2,0,1000.0,264.90000000000003,0.0,0.866
2003,12,16,12,30,564,120,347,-1,1,1000.0,241.8,0.2,0.866
2003,12,16,13,30,778,79,348,-1,2,1000.0,221.3,0.30000000000000004,0.866
2003,12,16,14,30,523,63,192,0,1,1000.0,202.20000000000002,0.30000000000000004,0.866
2003,12,16,15,30,275,40,71,-1,0,1000.0,195.4,0.4,0.866
2003,12,16,16,30,0,0,0,-3,-2,1000.0,190.8,0.4,0.866
2003,12,16,17,30,0,0,0,-4,-3,1000.0,186.8,0.2,0.866
2003,12,16,18,30,0,0,0,-4,-2,1000.0,184.10000000000002,0.1,0.866
2003,12,16,19,30,0,0,0,-3,-2,1000.0,181.5,0.1,0.866
2003,12,16,20,30,0,0,0,-3,-2,1000.0,178.9,0.1,0.866
2003,12,16,21,30,0,0,0,-2,-1,1000.0,175.3,0.1,0.866
2003,12,16,22,30,0,0,0,0,0,1000.0,173.20000000000002,0.1,0.866
2003,12,16,23,30,0,0,0,0,0,1000.0,174.10000000000002,0.1,0.866
2003,12,17,0,30,0,0,0,0,0,1000.0,173.60000000000002,0.1,0.866
2003,12,17,1,30,0,0,0,0,1,1000.0,171.3,0.1,0.866
2003,12,17,2,30,0,0,0,1,1,1000.0,171.9,0.1,0.866
2003,12,17,3,30,0,0,0,1,2,1000.0,182.10000000000002,0.1,0.866
2003,12,17,4,30,0,0,0,2,2,990.0,188.5,0.1,0.866
2003,12,17,5,30,0,0,0,2,3,990.0,185.9,0.1,0.866
2003,12,17,6,30,0,0,0,2,3,990.0,179.4,0.1,0.866
2003,12,17,7,30,0,12,12,2,4,990.0,167.5,0.1,0.866
2003,12,17,8,30,159,67,96,4,5,990.0,163.8,0.1,0.866
2003,12,17,9,30,0,90,90,4,6,990.0,165.10000000000002,0.2,0.866
2003,12,17,10,30,0,81,81,6,7,990.0,166.4,0.2,0.866
2003,12,17,11,30,0,42,42,7,8,990.0,164.4,0.2,0.866
2003,12,17,12,30,0,70,70,8,8,980.0,160.70000000000002,0.2,0.866
2003,12,17,13,30,0,76,76,8,8,980.0,159.20000000000002,0.2,0.866
2003,12,17,14,30,0,68,68,8,8,980.0,160.20000000000002,0.2,0.866
2003,12,17,15,30,0,18,18,8,9,980.0,162.3,0.2,0.866
2003,12,17,16,30,0,0,0,7,8,980.0,161.10000000000002,0.1,0.866
2003,12,17,17,30,0,0,0,6,7,980.0,170.4,0.1,0.866
2003,12,17,18,30,0,0,0,4,6,970.0,193.0,0.1,0.866
2003,12,17,19,30,0,0,0,4,5,970.0,251.8,0.1,0.866
2003,12,17,20,30,0,0,0,2,3,970.0,284.8,0.1,0.866
2003,12,17,21,30,0,0,0,0,1,970.0,297.1,0.2,0.866
2003,12,17,22,30,0,0,0,0,0,970.0,296.0,0.2,0.866
2003,12,17,23,30,0,0,0,-1,0,970.0,291.0,0.2,0.866
2003,12,18,0,30,0,0,0,-2,0,970.0,277.2,0.2,0.866
2003,12,18,1,30,0,0,0,-3,-1,980.0,267.5,0.2,0.866
2003,12,18,2,30,0,0,0,-3,-1,980.0,259.3,0.2,0.866
2003,12,18,3,30,0,0,0,-3,-1,980.0,253.60000000000002,0.2,0.866
2003,12,18,4,30,0,0,0,-3,-1,980.0,250.5,0.2,0.866
2003,12,18,5,30,0,0,0,-3,-1,980.0,247.4,0.2,0.866
2003,12,18,6,30,0,0,0,-4,-1,980.0,245.10000000000002,0.2,0.866
2003,12,18,7,30,0,9,9,-4,0,980.0,243.4,0.2,0.866
2003,12,18,8,30,15,64,67,-3,0,980.0,242.5,0.2,0.866
2003,12,18,9,30,32,118,128,-3,0,980.0,246.60000000000002,0.2,0.866
2003,12,18,10,30,722,112,384,-3,1,980.0,253.4,0.2,0.866
2003,12,18,11,30,734,124,427,-3,1,980.0,257.40000000000003,0.2,0.866
2003,12,18,12,30,222,169,259,-3,1,980.0,259.3,0.2,0.866
2003,12,18,13,30,706,101,345,-3,0,980.0,259.2,0.2,0.866
2003,12,18,14,30,575,84,226,-3,0,980.0,256.40000000000003,0.2,0.866
2003,12,18,15,30,328,47,84,-3,0,980.0,252.8,0.1,0.866
2003,12,18,16,30,0,0,0,-3,0,980.0,251.9,0.1,0.866
2003,12,18,17,30,0,0,0,-3,-1,980.0,253.8,0.1,0.866
2003,12,18,18,30,0,0,0,-3,-1,980.0,257.2,0.1,0.866
2003,12,18,19,30,0,0,0,-3,-1,980.0,260.5,0.1,0.866
2003,12,18,20,30,0,0,0,-4,-1,980.0,262.7,0.1,0.866
2003,12,18,21,30,0,0,0,-4,-2,980.0,264.3,0.1,0.866
2003,12,18,22,30,0,0,0,-5,-2,980.0,265.5,0.1,0.866
2003,12,18,23,30,0,0,0,-5,-3,990.0,268.0,0.1,0.866
2003,12,19,0,30,0,0,0,-6,-3,990.0,272.6,0.1,0.866
2003,12,19,1,30,0,0,0,-6,-4,990.0,275.2,0.1,0.866
2003,12,19,2,30,0,0,0,-6,-4,990.0,274.90000000000003,0.2,0.866
2003,12,19,3,30,0,0,0,-6,-5,990.0,273.8,0.2,0.866
2003,12,19,4,30,0,0,0,-6,-5,990.0,276.1,0.2,0.866
2003,12,19,5,30,0,0,0,-6,-5,990.0,279.6,0.2,0.866
2003,12,19,6,30,0,0,0,-7,-5,990.0,282.1,0.2,0.866
2003,12,19,7,30,211,14,20,-7,-4,990.0,280.7,0.1,0.866
2003,12,19,8,30,623,47,158,-6,-2,990.0,285.7,0.1,0.866
2003,12,19,9,30,778,66,296,-5,0,990.0,304.5,0.1,0.866
2003,12,19,10,30,845,76,394,-5,0,990.0,312.6,0.1,0.866
2003,12,19,11,30,867,81,439,-5,1,990.0,311.70000000000005,0.1,0.866
2003,12,19,12,30,855,81,425,-5,2,990.0,308.8,0.1,0.866
2003,12,19,13,30,807,75,354,-4,1,990.0,308.8,0.1,0.866
2003,12,19,14,30,702,61,236,-4,0,990.0,312.5,0.1,0.866
2003,12,19,15,30,312,40,76,-3,-1,990.0,313.8,0.1,0.866
2003,12,19,16,30,0,0,0,-4,-2,990.0,315.70000000000005,0.1,0.866
2003,12,19,17,30,0,0,0,-4,-2,990.0,319.70000000000005,0.1,0.866
2003,12,19,18,30,0,0,0,-4,-2,990.0,317.70000000000005,0.1,0.866
2003,12,19,19,30,0,0,0,-4,-2,990.0,313.90000000000003,0.1,0.866
2003,12,19,20,30,0,0,0,-4,-2,990.0,311.5,0.1,0.866
2003,12,19,21,30,0,0,0,-4,-2,990.0,310.0,0.1,0.866
2003,12,19,22,30,0,0,0,-4,-2,990.0,309.5,0.1,0.866
2003,12,19,23,30,0,0,0,-4,-2,990.0,308.8,0.1,0.866
2003,12,20,0,30,0,0,0,-4,-2,990.0,307.0,0.1,0.866
2003,12,20,1,30,0,0,0,-4,-2,990.0,304.5,0.1,0.866
2003,12,20,2,30,0,0,0,-4,-3,990.0,300.6,0.1,0.866
2003,12,20,3,30,0,0,0,-4,-3,990.0,296.3,0.2,0.866
2003,12,20,4,30,0,0,0,-4,-3,990.0,294.3,0.1,0.866
2003,12,20,5,30,0,0,0,-4,-3,990.0,293.6,0.1,0.866
2003,12,20,6,30,0,0,0,-4,-2,990.0,290.90000000000003,0.1,0.866
2003,12,20,7,30,0,13,13,-4,-1,990.0,286.1,0.1,0.866
2003,12,20,8,30,412,51,124,-4,0,990.0,283.7,0.1,0.866
2003,12,20,9,30,348,103,205,-3,0,990.0,294.1,0.1,0.866
2003,12,20,10,30,0,74,74,-3,1,990.0,288.6,0.1,0.866
2003,12,20,11,30,7,146,149,-3,1,990.0,283.3,0.1,0.866
2003,12,20,12,30,82,170,204,-3,1,990.0,287.90000000000003,0.1,0.866
2003,12,20,13,30,10,126,129,-3,0,990.0,296.7,0.1,0.866
2003,12,20,14,30,0,46,46,-3,0,990.0,304.8,0.1,0.866
2003,12,20,15,30,0,16,16,-4,-1,1000.0,310.1,0.1,0.866
2003,12,20,16,30,0,0,0,-5,-2,1000.0,312.20000000000005,0.1,0.866
2003,12,20,17,30,0,0,0,-5,-3,1000.0,313.3,0.1,0.866
2003,12,20,18,30,0,0,0,-6,-3,1000.0,314.8,0.1,0.866
2003,12,20,19,30,0,0,0,-7,-4,1000.0,314.20000000000005,0.1,0.866
2003,12,20,20,30,0,0,0,-7,-4,1000.0,309.8,0.1,0.866
2003,12,20,21,30,0,0,0,-8,-5,1000.0,305.1,0.1,0.866
2003,12,20,22,30,0,0,0,-9,-6,1000.0,300.6,0.1,0.866
2003,12,20,23,30,0,0,0,-9,-6,1000.0,298.6,0.2,0.866
2003,12,21,0,30,0,0,0,-9,-7,1000.0,295.90000000000003,0.2,0.866
2003,12,21,1,30,0,0,0,-10,-8,1000.0,292.7,0.2,0.866
2003,12,21,2,30,0,0,0,-10,-8,1000.0,291.90000000000003,0.2,0.866
2003,12,21,3,30,0,0,0,-10,-9,1000.0,290.90000000000003,0.2,0.866
2003,12,21,4,30,0,0,0,-11,-9,1000.0,286.8,0.2,0.866
2003,12,21,5,30,0,0,0,-11,-9,1000.0,279.8,0.2,0.866
2003,12,21,6,30,0,0,0,-11,-9,1000.0,267.1,0.2,0.866
2003,12,21,7,30,0,8,8,-11,-8,1000.0,251.5,0.1,0.866
2003,12,21,8,30,44,64,72,-10,-6,1000.0,235.70000000000002,0.1,0.866
2003,12,21,9,30,197,116,174,-9,-4,1000.0,238.10000000000002,0.1,0.866
2003,12,21,10,30,14,138,144,-7,-2,1000.0,238.60000000000002,0.1,0.866
2003,12,21,11,30,4,143,145,-6,-1,1000.0,236.0,0.2,0.866
2003,12,21,12,30,208,170,253,-5,0,1000.0,235.60000000000002,0.2,0.866
2003,12,21,13,30,625,115,332,-5,0,1000.0,236.9,0.1,0.866
2003,12,21,14,30,343,84,170,-4,0,1000.0,232.9,0.1,0.866
2003,12,21,15,30,44,43,48,-4,0,1000.0,229.4,0.1,0.866
2003,12,21,16,30,0,0,0,-4,-1,1000.0,230.5,0.1,0.866
2003,12,21,17,30,0,0,0,-4,-1,1000.0,231.5,0.2,0.866
2003,12,21,18,30,0,0,0,-3,-1,1000.0,233.4,0.2,0.866
2003,12,21,19,30,0,0,0,-3,-1,1000.0,235.20000000000002,0.2,0.866
2003,12,21,20,30,0,0,0,-3,-1,1000.0,235.4,0.1,0.866
2003,12,21,21,30,0,0,0,-3,-1,1000.0,234.0,0.1,0.866
2003,12,21,22,30,0,0,0,-3,-1,1000.0,234.5,0.1,0.866
2003,12,21,23,30,0,0,0,-3,-1,1000.0,235.0,0.1,0.866
2003,12,22,0,30,0,0,0,-3,-1,1000.0,234.5,0.1,0.866
2003,12,22,1,30,0,0,0,-3,-2,1000.0,231.60000000000002,0.1,0.866
2003,12,22,2,30,0,0,0,-3,-2,1000.0,230.4,0.1,0.866
2003,12,22,3,30,0,0,0,-4,-3,1000.0,228.5,0.1,0.866
2003,12,22,4,30,0,0,0,-4,-3,1000.0,227.60000000000002,0.1,0.866
2003,12,22,5,30,0,0,0,-4,-3,1000.0,227.0,0.1,0.866
2003,12,22,6,30,0,0,0,-4,-4,1000.0,228.0,0.1,0.866
2003,12,22,7,30,0,15,15,-4,-3,1000.0,227.5,0.1,0.866
2003,12,22,8,30,521,53,144,-4,-1,1000.0,225.60000000000002,0.1,0.866
2003,12,22,9,30,406,95,214,-3,1,1000.0,225.10000000000002,0.1,0.866
2003,12,22,10,30,109,166,207,-2,2,1000.0,228.9,0.1,0.866
2003,12,22,11,30,54,170,192,-1,3,1000.0,230.9,0.1,0.866
2003,12,22,12,30,554,115,338,0,4,1000.0,225.10000000000002,0.1,0.866
2003,12,22,13,30,508,102,278,1,4,1000.0,220.70000000000002,0.1,0.866
2003,12,22,14,30,305,88,165,1,3,1000.0,216.8,0.1,0.866
2003,12,22,15,30,364,41,84,1,1,1000.0,214.8,0.1,0.866
2003,12,22,16,30,0,0,0,0,0,1000.0,214.9,0.1,0.866
2003,12,22,17,30,0,0,0,0,0,1000.0,220.0,0.1,0.866
2003,12,22,18,30,0,0,0,0,0,1000.0,225.10000000000002,0.1,0.866
2003,12,22,19,30,0,0,0,0,0,1000.0,226.3,0.1,0.866
2003,12,22,20,30,0,0,0,0,0,1000.0,227.10000000000002,0.1,0.866
2003,12,22,21,30,0,0,0,0,0,1000.0,228.5,0.1,0.866
2003,12,22,22,30,0,0,0,0,0,1000.0,232.70000000000002,0.1,0.866
2003,12,22,23,30,0,0,0,0,1,1000.0,238.0,0.1,0.866
2003,12,23,0,30,0,0,0,0,1,1000.0,241.4,0.1,0.866
2003,12,23,1,30,0,0,0,0,1,1000.0,245.9,0.1,0.866
2003,12,23,2,30,0,0,0,0,1,1000.0,246.9,0.1,0.866
2003,12,23,3,30,0,0,0,0,1,1000.0,246.4,0.1,0.866
2003,12,23,4,30,0,0,0,0,0,1000.0,243.70000000000002,0.1,0.866
2003,12,23,5,30,0,0,0,0,0,1000.0,232.3,0.2,0.866
2003,12,23,6,30,0,0,0,0,1,1000.0,220.60000000000002,0.2,0.866
2003,12,23,7,30,0,8,8,0,1,1000.0,206.20000000000002,0.1,0.866
2003,12,23,8,30,151,64,90,1,2,1000.0,201.20000000000002,0.1,0.866
2003,12,23,9,30,4,104,106,2,4,1000.0,195.10000000000002,0.1,0.866
2003,12,23,10,30,100,158,195,4,5,1000.0,188.8,0.1,0.866
2003,12,23,11,30,221,174,265,5,7,1000.0,187.9,0.1,0.866
2003,12,23,12,30,239,180,276,6,8,1000.0,179.10000000000002,0.1,0.866
2003,12,23,13,30,665,99,331,6,7,1000.0,168.0,0.1,0.866
2003,12,23,14,30,344,85,171,4,5,1000.0,162.4,0.1,0.866
2003,12,23,15,30,248,44,74,2,3,1000.0,166.20000000000002,0.1,0.866
2003,12,23,16,30,0,0,0,2,2,1000.0,170.60000000000002,0.1,0.866
2003,12,23,17,30,0,0,0,1,2,1000.0,175.5,0.1,0.866
2003,12,23,18,30,0,0,0,1,2,1000.0,179.5,0.1,0.866
2003,12,23,19,30,0,0,0,1,2,1000.0,181.5,0.1,0.125
2003,12,23,20,30,0,0,0,2,2,1000.0,182.4,0.1,0.125
2003,12,23,21,30,0,0,0,2,3,1000.0,182.60000000000002,0.1,0.125
2003,12,23,22,30,0,0,0,2,3,1000.0,181.9,0.1,0.125
2003,12,23,23,30,0,0,0,2,4,1000.0,179.70000000000002,0.1,0.125
2003,12,24,0,30,0,0,0,2,4,1000.0,178.0,0.1,0.125
2003,12,24,1,30,0,0,0,4,5,1000.0,179.9,0.1,0.125
2003,12,24,2,30,0,0,0,4,6,1000.0,187.4,0.2,0.125
2003,12,24,3,30,0,0,0,4,6,1000.0,178.4,0.1,0.125
2003,12,24,4,30,0,0,0,4,5,1000.0,162.60000000000002,0.1,0.125
2003,12,24,5,30,0,0,0,4,5,1000.0,154.70000000000002,0.1,0.125
2003,12,24,6,30,0,0,0,6,6,1000.0,153.20000000000002,0.1,0.125
2003,12,24,7,30,0,3,3,7,7,1000.0,148.6,0.2,0.125
2003,12,24,8,30,0,31,31,8,9,1000.0,146.0,0.2,0.125
2003,12,24,9,30,0,35,35,9,10,1000.0,147.3,0.2,0.125
2003,12,24,10,30,0,43,43,10,11,990.0,154.70000000000002,0.30000000000000004,0.125
2003,12,24,11,30,0,137,137,11,12,990.0,158.8,0.30000000000000004,0.125
2003,12,24,12,30,0,127,127,11,12,990.0,156.70000000000002,0.30000000000000004,0.125
2003,12,24,13,30,0,53,53,11,12,990.0,154.0,0.30000000000000004,0.125
2003,12,24,14,30,0,8,8,11,12,990.0,156.4,0.30000000000000004,0.125
2003,12,24,15,30,0,5,5,11,12,990.0,167.20000000000002,0.30000000000000004,0.125
2003,12,24,16,30,0,0,0,11,11,990.0,178.0,0.2,0.125
2003,12,24,17,30,0,0,0,9,11,990.0,176.10000000000002,0.2,0.125
2003,12,24,18,30,0,0,0,9,10,990.0,170.70000000000002,0.2,0.125
2003,12,24,19,30,0,0,0,9,10,990.0,172.4,0.2,0.125
2003,12,24,20,30,0,0,0,9,9,990.0,184.9,0.1,0.125
2003,12,24,21,30,0,0,0,8,9,990.0,193.10000000000002,0.1,0.125
2003,12,24,22,30,0,0,0,8,9,990.0,200.9,0.1,0.125
2003,12,24,23,30,0,0,0,7,8,990.0,209.4,0.1,0.125
2003,12,25,0,30,0,0,0,6,7,990.0,219.4,0.1,0.125
2003,12,25,1,30,0,0,0,4,6,990.0,240.0,0.1,0.125
2003,12,25,2,30,0,0,0,4,5,990.0,265.3,0.1,0.125
2003,12,25,3,30,0,0,0,4,4,990.0,291.8,0.1,0.125
2003,12,25,4,30,0,0,0,2,3,990.0,311.40000000000003,0.1,0.125
2003,12,25,5,30,0,0,0,1,2,990.0,316.6,0.1,0.125
2003,12,25,6,30,0,0,0,1,1,990.0,320.8,0.1,0.125
2003,12,25,7,30,0,1,1,1,1,990.0,326.20000000000005,0.1,0.125
2003,12,25,8,30,0,14,14,1,2,990.0,323.90000000000003,0.1,0.125
2003,12,25,9,30,0,79,79,2,4,990.0,318.70000000000005,0.1,0.125
2003,12,25,10,30,0,109,109,2,5,990.0,315.3,0.1,0.125
2003,12,25,11,30,810,79,412,2,6,990.0,292.6,0.1,0.125
2003,12,25,12,30,795,81,401,2,6,990.0,275.7,0.2,0.125
2003,12,25,13,30,0,18,18,1,5,990.0,270.0,0.2,0.125
2003,12,25,14,30,0,12,12,1,4,990.0,269.6,0.2,0.125
2003,12,25,15,30,400,41,90,1,3,990.0,270.40000000000003,0.2,0.125
2003,12,25,16,30,0,0,0,0,1,990.0,274.0,0.2,0.125
2003,12,25,17,30,0,0,0,0,1,990.0,275.40000000000003,0.2,0.125
2003,12,25,18,30,0,0,0,-1,0,990.0,274.3,0.2,0.125
2003,12,25,19,30,0,0,0,-1,0,990.0,272.90000000000003,0.2,0.125
2003,12,25,20,30,0,0,0,-2,0,990.0,269.2,0.2,0.125
2003,12,25,21,30,0,0,0,-2,0,990.0,262.90000000000003,0.2,0.125
2003,12,25,22,30,0,0,0,-2,0,990.0,257.8,0.2,0.125
2003,12,25,23,30,0,0,0,-2,0,990.0,256.40000000000003,0.2,0.125
2003,12,26,0,30,0,0,0,-2,0,990.0,257.7,0.2,0.125
2003,12,26,1,30,0,0,0,-3,-1,990.0,258.6,0.2,0.125
2003,12,26,2,30,0,0,0,-3,-1,990.0,257.7,0.2,0.125
2003,12,26,3,30,0,0,0,-3,-1,990.0,255.3,0.2,0.125
2003,12,26,4,30,0,0,0,-4,-1,990.0,251.4,0.2,0.125
2003,12,26,5,30,0,0,0,-4,-1,990.0,247.20000000000002,0.2,0.125
2003,12,26,6,30,0,0,0,-4,-1,990.0,244.70000000000002,0.2,0.125
2003,12,26,7,30,0,5,5,-4,0,990.0,243.4,0.2,0.125
2003,12,26,8,30,0,58,58,-3,0,990.0,240.9,0.2,0.125
2003,12,26,9,30,0,24,24,-3,0,990.0,244.3,0.30000000000000004,0.125
2003,12,26,10,30,16,139,146,-3,1,990.0,255.60000000000002,0.30000000000000004,0.125
2003,12,26,11,30,8,148,151,-3,2,990.0,264.3,0.30000000000000004,0.125
2003,12,26,12,30,0,122,122,-2,2,990.0,269.7,0.30000000000000004,0.125
2003,12,26,13,30,0,70,70,-1,2,990.0,275.1,0.30000000000000004,0.125
2003,12,26,14,30,0,16,16,-1,2,990.0,279.7,0.2,0.125
2003,12,26,15,30,0,18,18,-1,1,990.0,283.6,0.2,0.125
2003,12,26,16,30,0,0,0,-1,0,990.0,288.3,0.2,0.125
2003,12,26,17,30,0,0,0,-1,0,990.0,293.1,0.30000000000000004,0.125
2003,12,26,18,30,0,0,0,-2,0,990.0,296.8,0.2,0.125
2003,12,26,19,30,0,0,0,-2,0,990.0,299.40000000000003,0.2,0.123
2003,12,26,20,30,0,0,0,-2,0,990.0,302.6,0.2,0.123
2003,12,26,21,30,0,0,0,-2,0,990.0,304.0,0.2,0.123
2003,12,26,22,30,0,0,0,-2,0,1000.0,304.3,0.2,0.123
2003,12,26,23,30,0,0,0,-1,0,1000.0,306.5,0.2,0.123
2003,12,27,0,30,0,0,0,-1,0,1000.0,309.3,0.2,0.123
2003,12,27,1,30,0,0,0,-1,0,1000.0,311.5,0.2,0.123
2003,12,27,2,30,0,0,0,-2,0,1000.0,313.5,0.2,0.123
2003,12,27,3,30,0,0,0,-2,0,1000.0,316.70000000000005,0.2,0.123
2003,12,27,4,30,0,0,0,-3,0,1000.0,320.40000000000003,0.2,0.123
2003,12,27,5,30,0,0,0,-3,0,1000.0,322.90000000000003,0.2,0.123
2003,12,27,6,30,0,0,0,-3,-1,1000.0,323.1,0.2,0.123
2003,12,27,7,30,248,10,15,-3,0,1000.0,323.0,0.2,0.123
2003,12,27,8,30,676,37,151,-3,1,1000.0,322.70000000000005,0.2,0.123
2003,12,27,9,30,830,48,289,-2,3,1000.0,324.70000000000005,0.2,0.123
2003,12,27,10,30,898,55,390,-2,4,1000.0,330.20000000000005,0.2,0.123
2003,12,27,11,30,926,57,438,-1,5,1000.0,332.5,0.2,0.123
2003,12,27,12,30,923,55,429,-1,6,1000.0,333.5,0.2,0.123
2003,12,27,13,30,888,52,364,0,6,1000.0,333.20000000000005,0.2,0.123
2003,12,27,14,30,804,44,251,0,4,1000.0,332.1,0.1,0.123
2003,12,27,15,30,611,30,107,0,1,1000.0,330.5,0.1,0.123
2003,12,27,16,30,0,0,0,0,0,1000.0,328.3,0.1,0.123
2003,12,27,17,30,0,0,0,-1,0,1010.0,329.20000000000005,0.1,0.123
2003,12,27,18,30,0,0,0,-1,0,1010.0,332.5,0.1,0.123
2003,12,27,19,30,0,0,0,-2,-1,1010.0,335.5,0.1,0.123
2003,12,27,20,30,0,0,0,-2,-1,1010.0,339.1,0.1,0.123
2003,12,27,21,30,0,0,0,-2,-2,1010.0,342.8,0.1,0.123
2003,12,27,22,30,0,0,0,-3,-2,1010.0,346.90000000000003,0.1,0.123
2003,12,27,23,30,0,0,0,-3,-2,1010.0,351.8,0.1,0.123
2003,12,28,0,30,0,0,0,-3,-3,1010.0,354.6,0.1,0.123
2003,12,28,1,30,0,0,0,-3,-3,1010.0,354.90000000000003,0.1,0.123
2003,12,28,2,30,0,0,0,-4,-3,1010.0,353.90000000000003,0.1,0.123
2003,12,28,3,30,0,0,0,-4,-3,1010.0,351.3,0.1,0.123
2003,12,28,4,30,0,0,0,-5,-3,1010.0,348.6,0.2,0.123
2003,12,28,5,30,0,0,0,-5,-2,1010.0,343.1,0.30000000000000004,0.123
2003,12,28,6,30,0,0,0,-5,-2,1010.0,335.0,0.30000000000000004,0.123
2003,12,28,7,30,231,10,15,-5,-1,1010.0,327.8,0.2,0.123
2003,12,28,8,30,659,37,149,-3,1,1010.0,317.5,0.1,0.123
2003,12,28,9,30,809,50,285,-4,3,1010.0,300.3,0.1,0.123
2003,12,28,10,30,872,58,383,-3,6,1010.0,266.40000000000003,0.1,0.123
2003,12,28,11,30,431,143,321,-2,7,1010.0,257.1,0.1,0.123
2003,12,28,12,30,482,131,327,-2,8,1010.0,250.8,0.1,0.123
2003,12,28,13,30,443,115,272,0,7,1010.0,236.70000000000002,0.1,0.123
2003,12,28,14,30,360,86,179,2,4,1010.0,221.60000000000002,0.1,0.123
2003,12,28,15,30,142,47,65,0,1,1010.0,222.0,0.2,0.123
2003,12,28,16,30,0,0,0,-2,0,1010.0,228.5,0.2,0.123
2003,12,28,17,30,0,0,0,-2,-1,1010.0,238.3,0.1,0.123
2003,12,28,18,30,0,0,0,-3,-1,1010.0,243.10000000000002,0.1,0.123
2003,12,28,19,30,0,0,0,-3,-1,1010.0,242.5,0.1,0.123
2003,12,28,20,30,0,0,0,-3,-1,1010.0,239.20000000000002,0.1,0.123
2003,12,28,21,30,0,0,0,-2,-1,1010.0,236.10000000000002,0.1,0.123
2003,12,28,22,30,0,0,0,-2,-1,1000.0,234.8,0.1,0.123
2003,12,28,23,30,0,0,0,-2,-1,1000.0,234.4,0.1,0.123
2003,12,29,0,30,0,0,0,-1,-1,1000.0,234.8,0.1,0.123
2003,12,29,1,30,0,0,0,-1,-1,1000.0,235.8,0.1,0.123
2003,12,29,2,30,0,0,0,-1,-1,1000.0,237.0,0.1,0.123
2003,12,29,3,30,0,0,0,-1,0,1000.0,238.5,0.1,0.123
2003,12,29,4,30,0,0,0,-1,0,1000.0,239.20000000000002,0.2,0.123
2003,12,29,5,30,0,0,0,-2,-1,1000.0,237.70000000000002,0.1,0.123
2003,12,29,6,30,0,0,0,-1,-1,1000.0,238.9,0.1,0.123
2003,12,29,7,30,153,10,12,-1,0,1000.0,238.60000000000002,0.1,0.123
2003,12,29,8,30,570,42,139,-1,1,1000.0,236.20000000000002,0.2,0.123
2003,12,29,9,30,727,59,270,0,4,1000.0,231.5,0.2,0.123
2003,12,29,10,30,161,158,219,1,6,1000.0,228.4,0.2,0.123
2003,12,29,11,30,468,137,331,2,8,1000.0,234.5,0.2,0.123
2003,12,29,12,30,848,65,410,3,9,1000.0,232.3,0.1,0.123
2003,12,29,13,30,801,62,347,4,8,1000.0,223.3,0.1,0.123
2003,12,29,14,30,688,56,236,4,6,1000.0,213.4,0.1,0.123
2003,12,29,15,30,480,36,99,2,3,1000.0,209.5,0.1,0.123
2003,12,29,16,30,0,0,0,1,2,1000.0,209.5,0.1,0.123
2003,12,29,17,30,0,0,0,0,1,1000.0,214.5,0.1,0.123
2003,12,29,18,30,0,0,0,0,1,1000.0,221.5,0.1,0.123
2003,12,29,19,30,0,0,0,0,1,1000.0,219.70000000000002,0.1,0.123
2003,12,29,20,30,0,0,0,1,1,1000.0,215.4,0.1,0.123
2003,12,29,21,30,0,0,0,1,2,1000.0,216.4,0.1,0.123
2003,12,29,22,30,0,0,0,1,2,1000.0,213.60000000000002,0.1,0.123
2003,12,29,23,30,0,0,0,1,2,1000.0,209.0,0.1,0.123
2003,12,30,0,30,0,0,0,1,2,990.0,202.8,0.1,0.123
2003,12,30,1,30,0,0,0,1,2,990.0,189.3,0.1,0.123
2003,12,30,2,30,0,0,0,2,2,990.0,185.9,0.2,0.123
2003,12,30,3,30,0,0,0,2,3,990.0,188.9,0.2,0.123
2003,12,30,4,30,0,0,0,2,3,990.0,182.10000000000002,0.2,0.123
2003,12,30,5,30,0,0,0,4,4,990.0,179.4,0.2,0.123
2003,12,30,6,30,0,0,0,4,5,990.0,186.5,0.2,0.123
2003,12,30,7,30,0,1,1,4,5,990.0,190.60000000000002,0.2,0.123
2003,12,30,8,30,0,13,13,4,6,990.0,190.8,0.2,0.123
2003,12,30,9,30,0,33,33,6,7,990.0,204.60000000000002,0.2,0.123
2003,12,30,10,30,40,149,165,7,7,990.0,224.9,0.30000000000000004,0.123
2003,12,30,11,30,95,179,218,6,8,990.0,254.4,0.4,0.123
2003,12,30,12,30,0,39,39,5,7,990.0,272.90000000000003,0.4,0.123
2003,12,30,13,30,128,155,201,3,6,990.0,279.0,0.4,0.123
2003,12,30,14,30,614,72,233,2,5,990.0,281.40000000000003,0.30000000000000004,0.123
2003,12,30,15,30,154,51,71,1,4,990.0,284.2,0.30000000000000004,0.123
2003,12,30,16,30,0,0,0,0,3,990.0,285.6,0.30000000000000004,0.123
2003,12,30,17,30,0,0,0,0,2,1000.0,286.2,0.30000000000000004,0.123
2003,12,30,18,30,0,0,0,-1,2,1000.0,284.0,0.30000000000000004,0.123
2003,12,30,19,30,0,0,0,-1,1,1000.0,281.7,0.30000000000000004,0.123
2003,12,30,20,30,0,0,0,-1,1,1000.0,281.2,0.30000000000000004,0.123
2003,12,30,21,30,0,0,0,-1,1,1000.0,282.0,0.30000000000000004,0.123
2003,12,30,22,30,0,0,0,-1,0,1000.0,283.40000000000003,0.30000000000000004,0.123
2003,12,30,23,30,0,0,0,-1,0,1000.0,284.2,0.30000000000000004,0.123
2003,12,31,0,30,0,0,0,-1,0,1000.0,280.3,0.30000000000000004,0.123
2003,12,31,1,30,0,0,0,-1,0,1000.0,276.5,0.30000000000000004,0.123
2003,12,31,2,30,0,0,0,-1,0,1000.0,277.90000000000003,0.30000000000000004,0.123
2003,12,31,3,30,0,0,0,-1,0,1000.0,279.5,0.30000000000000004,0.123
2003,12,31,4,30,0,0,0,-1,0,1000.0,282.3,0.2,0.123
2003,12,31,5,30,0,0,0,-1,0,1000.0,285.40000000000003,0.2,0.123
2003,12,31,6,30,0,0,0,-1,0,1000.0,289.0,0.2,0.123
2003,12,31,7,30,0,6,6,-1,0,1000.0,291.3,0.2,0.123
2003,12,31,8,30,44,62,69,-1,2,1010.0,291.0,0.2,0.123
2003,12,31,9,30,386,96,208,0,3,1010.0,291.6,0.2,0.123
2003,12,31,10,30,516,116,309,-1,4,1000.0,294.0,0.2,0.123
2003,12,31,11,30,837,72,419,-1,4,1000.0,288.5,0.2,0.123
2003,12,31,12,30,847,68,415,-1,5,1000.0,270.7,0.2,0.123
2003,12,31,13,30,825,60,356,0,5,1000.0,252.10000000000002,0.2,0.123
2003,12,31,14,30,69,104,123,0,4,1000.0,236.5,0.1,0.123
2003,12,31,15,30,251,46,80,0,2,1000.0,217.3,0.1,0.123
2003,12,31,16,30,0,0,0,0,1,1000.0,204.0,0.2,0.123
2003,12,31,17,30,0,0,0,0,1,1000.0,202.10000000000002,0.2,0.123
2003,12,31,18,30,0,0,0,0,1,1000.0,206.4,0.2,0.123
2001,12,31,19,30,0,0,0,-8,-6,990.0,279.0,0.30000000000000004,0.866
2001,12,31,20,30,0,0,0,-8,-6,990.0,279.5,0.30000000000000004,0.866
2001,12,31,21,30,0,0,0,-8,-6,990.0,280.2,0.30000000000000004,0.866
2001,12,31,22,30,0,0,0,-8,-6,990.0,280.7,0.30000000000000004,0.866
2001,12,31,23,30,0,0,0,-8,-6,990.0,280.8,0.30000000000000004,0.866
